Run Number,Run History Configuration ID,Instance ID,Response Value (y),Censored?,Cutoff Time Used,Seed,Runtime,Run Length,Run Result Code,Run Quality,SMAC Iteration,SMAC Cumulative Runtime,Run Result,Additional Algorithm Run Data,Wall Clock Time,
1,1,118,4.21550321579,0,2000.0,-1,4.21550321579,0.0,1,0.0,0,4.21550321579,SAT,,4.325,
2,1,103,15.6854219437,0,2000.0,-1,15.6854219437,0.0,1,0.0,1,19.90092515949,SAT,,15.722,
3,2,103,2000.0,0,21.393649362373353,-1,214.86625,0.0,-1,1.0E9,1,234.76717515949002,CRASHED,Run Exceeded Captime -- Treating as CRASHED;Killed Manually,226.175,
4,1,141,4.18014907837,0,2000.0,-1,4.18014907837,0.0,1,0.0,1,238.94732423786002,SAT,,4.304,
5,3,141,9.37125992775,0,6.4367942403733736,-1,9.37125992775,0.0,1,0.0,1,248.31858416561002,SAT,,9.404,
6,1,65,1729.31386805,0,2000.0,-1,1729.31386805,0.0,2,0.0,2,1977.63245221561,UNSAT,,1729.391,
7,4,103,2000.0,0,21.393649362373353,-1,214.0958,0.0,-1,1.0E9,2,2191.72825221561,CRASHED,Run Exceeded Captime -- Treating as CRASHED;Killed Manually,225.364,
8,1,136,4.07293915749,0,2000.0,-1,4.07293915749,0.0,1,0.0,2,2195.8011913731,SAT,,4.195,
9,5,118,2000.0,0,6.482754357504845,-1,65.79415,0.0,-1,1.0E9,2,2261.5953413731004,CRASHED,Run Exceeded Captime -- Treating as CRASHED;Killed Manually,69.257,
10,1,5,7.04732894897,0,2000.0,-1,7.04732894897,0.0,2,0.0,3,2268.6426703220704,UNSAT,,7.215,
11,6,136,5.21257996559,0,6.2974210720241075,-1,5.21257996559,0.0,1,0.0,3,2273.8552502876605,SAT,,5.54,
12,1,123,46.4733831882,0,2000.0,-1,46.4733831882,0.0,1,0.0,3,2320.3286334758604,SAT,,46.519,
13,7,5,8.13048410416,0,10.164128139960766,-1,8.13048410416,0.0,2,0.0,3,2328.4591175800206,UNSAT,,8.203,
14,1,132,4.90069890022,0,2000.0,-1,4.90069890022,0.0,1,0.0,4,2333.3598164802406,SAT,,4.936,
15,8,118,5.47173404694,0,6.482754357504845,-1,5.47173404694,0.0,1,0.0,4,2338.8315505271808,SAT,,5.513,
16,1,135,3.01246809959,0,2000.0,-1,3.01246809959,0.0,1,0.0,4,2341.844018626771,SAT,,3.047,
17,9,118,6.44877004623,0,6.482754357504845,-1,6.44877004623,0.0,1,0.0,4,2348.292788673001,SAT,,6.478,
18,1,105,18.4384710789,0,2000.0,-1,18.4384710789,0.0,1,0.0,5,2366.731259751901,SAT,,18.534,
19,10,5,5.90218186378,0,10.164128139960766,-1,5.90218186378,0.0,2,0.0,5,2372.6334416156806,UNSAT,,5.946,
20,10,118,11.566131115,0,13.268866565424204,-1,11.566131115,0.0,1,0.0,5,2384.1995727306808,SAT,,11.591,
21,1,20,4.43707299232,0,2000.0,-1,4.43707299232,0.0,2,0.0,5,2388.6366457230006,UNSAT,,4.503,
22,11,118,5.48345899582,0,6.482754357504845,-1,5.48345899582,0.0,1,0.0,5,2394.1201047188206,SAT,,5.507,
23,1,155,94.8977291584,0,2000.0,-1,94.8977291584,0.0,2,0.0,6,2489.0178338772207,UNSAT,,95.041,
24,12,20,5.41849184036,0,6.770795386630297,-1,5.41849184036,0.0,2,0.0,6,2494.4363257175805,UNSAT,,5.464,
25,1,46,5.11954808235,0,2000.0,-1,5.11954808235,0.0,1,0.0,6,2499.5558737999304,SAT,,5.155,
26,13,65,1802.00510001,0,2000.0,-1,1802.00510001,0.0,2,0.0,6,4301.56097380993,UNSAT,,1802.058,
27,1,52,4.08326196671,0,2000.0,-1,4.08326196671,0.0,1,0.0,7,4305.64423577664,SAT,,4.125,
28,14,105,22.4530580044,0,24.972613238143925,-1,22.4530580044,0.0,1,0.0,7,4328.09729378104,SAT,,22.49,
29,1,75,4.64505887032,0,2000.0,-1,4.64505887032,0.0,2,0.0,7,4332.74235265136,UNSAT,,4.675,
30,15,141,24.9757099152,0,6.4367942403733736,-1,24.9757099152,0.0,1,0.0,7,4357.718062566561,SAT,,25.022,
31,1,156,1887.72583199,0,2000.0,-1,1887.72583199,0.0,2,0.0,8,6245.443894556561,UNSAT,,1887.801,
32,16,156,1125.52465701,0,2000.0,-1,1125.52465701,0.0,2,0.0,8,7370.968551566561,UNSAT,,1125.549,
33,16,52,4.58403491974,0,1003.8303815651417,-1,4.58403491974,0.0,1,0.0,8,7375.5525864863,SAT,,4.625,
34,16,46,10.0751399994,0,997.8711361888528,-1,10.0751399994,0.0,1,0.0,8,7385.6277264857,SAT,,10.113,
35,16,105,58.5881400108,0,1143.920816377151,-1,58.5881400108,0.0,1,0.0,8,7444.2158664965,SAT,,58.622,
36,16,141,15.4298889637,0,1067.7562347504972,-1,15.4298889637,0.0,1,0.0,8,7459.6457554602,SAT,,15.453,
37,16,132,5.47385311127,0,1047.6973792429744,-1,5.47385311127,0.0,1,0.0,8,7465.11960857147,SAT,,5.511,
38,16,155,85.3876140118,0,1040.5813702273845,-1,85.3876140118,0.0,2,0.0,8,7550.50722258327,UNSAT,,85.417,
39,16,5,5.76780700684,0,2000.0,-1,5.76780700684,0.0,2,0.0,8,7556.27502959011,UNSAT,,5.805,
40,16,123,81.6382541656,0,2000.0,-1,81.6382541656,0.0,1,0.0,8,7637.91328375571,SAT,,81.672,
41,16,75,4.80477190018,0,2000.0,-1,4.80477190018,0.0,2,0.0,8,7642.71805565589,UNSAT,,4.859,
42,16,20,5.12366199493,0,2000.0,-1,5.12366199493,0.0,2,0.0,8,7647.84171765082,UNSAT,,5.171,
43,16,118,7.29767608643,0,2000.0,-1,7.29767608643,0.0,1,0.0,8,7655.13939373725,SAT,,7.332,
44,16,65,35.6712281704,0,2000.0,-1,35.6712281704,0.0,2,0.0,8,7690.810621907651,UNSAT,,35.704,
45,16,135,4.28970599174,0,2000.0,-1,4.28970599174,0.0,1,0.0,8,7695.100327899391,SAT,,4.332,
46,16,136,5.30521821976,0,2000.0,-1,5.30521821976,0.0,1,0.0,8,7700.405546119151,SAT,,5.338,
47,16,103,1801.89427805,0,2000.0,-1,1801.89427805,0.0,1,0.0,8,9502.299824169151,SAT,,1801.936,
48,16,59,105.355595112,0,2000.0,-1,105.355595112,0.0,1,0.0,8,9607.65541928115,SAT,,105.402,
49,17,75,4.97728610039,0,7.248804334896803,-1,4.97728610039,0.0,2,0.0,8,9612.63270538154,UNSAT,,5.027,
50,16,4,14.5430190563,0,2000.0,-1,14.5430190563,0.0,2,0.0,9,9627.17572443784,UNSAT,,14.574,
51,18,75,5.29885411263,0,7.248804334896803,-1,5.29885411263,0.0,2,0.0,9,9632.474578550471,UNSAT,,5.355,
52,16,27,6.31247401237,0,2000.0,-1,6.31247401237,0.0,2,0.0,9,9638.78705256284,UNSAT,,6.359,
53,19,4,2000.0,0,19.90852531825304,-1,199.1447,0.0,-1,1.0E9,9,9837.931752562841,CRASHED,Run Exceeded Captime -- Treating as CRASHED;Killed Manually,209.626,
54,16,101,6.85954999924,0,2000.0,-1,6.85954999924,0.0,1,0.0,10,9844.791302562082,SAT,,6.889,
55,20,118,4.97033905983,0,10.489579186189175,-1,4.97033905983,0.0,1,0.0,10,9849.761641621912,SAT,,5.004,
56,20,75,4.47398304939,0,17.392950773584843,-1,4.47398304939,0.0,2,0.0,10,9854.235624671303,UNSAT,,4.507,
57,20,132,4.9233019352,0,11.576773681092263,-1,4.9233019352,0.0,1,0.0,10,9859.158926606502,SAT,,4.974,
58,20,103,8.75253510475,0,2000.0,-1,8.75253510475,0.0,1,0.0,10,9867.911461711252,SAT,,8.774,
59,20,136,5.10927796364,0,2000.0,-1,5.10927796364,0.0,1,0.0,10,9873.020739674892,SAT,,5.135,
60,20,52,5.65601587296,0,2000.0,-1,5.65601587296,0.0,1,0.0,10,9878.676755547853,SAT,,5.688,
61,20,123,60.0853610039,0,2000.0,-1,60.0853610039,0.0,1,0.0,10,9938.762116551752,SAT,,60.123,
62,20,59,19.0263009071,0,2000.0,-1,19.0263009071,0.0,1,0.0,10,9957.788417458853,SAT,,19.052,
63,20,5,8.18379402161,0,2000.0,-1,8.18379402161,0.0,2,0.0,10,9965.972211480463,UNSAT,,8.213,
64,20,141,5.36189985275,0,2000.0,-1,5.36189985275,0.0,1,0.0,10,9971.334111333214,SAT,,5.406,
65,20,20,5.79048681259,0,2000.0,-1,5.79048681259,0.0,2,0.0,10,9977.124598145803,UNSAT,,5.836,
66,20,155,140.094089985,0,2000.0,-1,140.094089985,0.0,2,0.0,10,10117.218688130803,UNSAT,,140.123,
67,20,27,11.3940529823,0,2000.0,-1,11.3940529823,0.0,2,0.0,10,10128.612741113102,UNSAT,,11.424,
68,20,105,23.8747520447,0,2000.0,-1,23.8747520447,0.0,1,0.0,10,10152.487493157802,SAT,,23.908,
69,20,156,1913.314605,0,2000.0,-1,1913.314605,0.0,2,0.0,10,12065.802098157801,UNSAT,,1913.358,
70,20,65,22.6848659515,0,1520.6178048517288,-1,22.6848659515,0.0,2,0.0,10,12088.486964109301,UNSAT,,22.716,
71,20,4,12.641420126,0,1491.1274783204974,-1,12.641420126,0.0,2,0.0,10,12101.1283842353,UNSAT,,12.673,
72,20,46,4.96676492691,0,1474.6936327669503,-1,4.96676492691,0.0,1,0.0,10,12106.09514916221,SAT,,5.002,
73,20,101,5.10600996017,0,1468.2368386428536,-1,5.10600996017,0.0,1,0.0,10,12111.20115912238,SAT,,5.132,
74,20,135,4.04133296013,0,1461.5990250263096,-1,4.04133296013,0.0,1,0.0,10,12115.24249208251,SAT,,4.079,
75,20,150,192.953869104,0,2000.0,-1,192.953869104,0.0,1,0.0,10,12308.19636118651,SAT,,193.026,
76,21,20,5.07000398636,0,8.530233323919774,-1,5.07000398636,0.0,2,0.0,10,12313.26636517287,UNSAT,,5.132,
77,21,156,1100.86756706,0,2000.0,-1,1100.86756706,0.0,2,0.0,10,13414.133932232871,UNSAT,,1100.912,
78,21,141,14.1593680382,0,1065.093447629708,-1,14.1593680382,0.0,1,0.0,10,13428.29330027107,SAT,,14.199,
79,21,65,1039.34417009,0,1099.6778140667557,-1,1039.34417009,0.0,2,0.0,10,14467.63747036107,UNSAT,,1039.392,
80,20,57,4.47664403915,0,2000.0,-1,4.47664403915,0.0,1,0.0,11,14472.114114400221,SAT,,4.502,
81,22,65,29.252779007,0,30.492926843810086,-1,29.252779007,0.0,2,0.0,11,14501.366893407221,UNSAT,,29.325,
82,20,66,161.262340069,0,2000.0,-1,161.262340069,0.0,2,0.0,11,14662.629233476222,UNSAT,,161.301,
83,23,141,4.69615197182,0,7.9730699661850934,-1,4.69615197182,0.0,1,0.0,11,14667.325385448043,SAT,,4.726,
84,23,123,74.9786491394,0,86.6194555427611,-1,74.9786491394,0.0,1,0.0,11,14742.304034587443,SAT,,75.001,
85,20,93,7.67357492447,0,2000.0,-1,7.67357492447,0.0,1,0.0,12,14749.977609511914,SAT,,7.715,
86,24,150,1801.72967005,0,251.84263092314006,-1,1801.72967005,0.0,1,0.0,12,16551.707279561913,SAT,,1801.773,
87,20,76,5.85396814346,0,2000.0,-1,5.85396814346,0.0,2,0.0,12,16557.561247705373,UNSAT,,5.888,
88,25,57,4.48112988472,0,6.822237640964985,-1,4.48112988472,0.0,1,0.0,12,16562.042377590093,SAT,,4.548,
89,20,29,8.29365110397,0,2000.0,-1,8.29365110397,0.0,2,0.0,13,16570.336028694062,UNSAT,,8.312,
90,26,52,3.90019416809,0,8.355421189564467,-1,3.90019416809,0.0,1,0.0,13,16574.236222862153,SAT,,3.946,
91,26,123,63.2837939262,0,87.8555321957648,-1,63.2837939262,0.0,1,0.0,13,16637.520016788352,SAT,,63.308,
92,26,46,7.29129695892,0,5.586600479084253,-1,7.29129695892,0.0,1,0.0,13,16644.811313747272,SAT,,7.332,
93,20,79,4.28728818893,0,2000.0,-1,4.28728818893,0.0,2,0.0,13,16649.098601936203,UNSAT,,4.336,
94,27,52,4.32697606087,0,8.355421189564467,-1,4.32697606087,0.0,1,0.0,13,16653.425577997074,SAT,,4.351,
95,27,66,1813.81999898,0,219.0160558450699,-1,1813.81999898,0.0,2,0.0,13,18467.245576977075,UNSAT,,1813.86,
96,20,54,6.88173103333,0,2000.0,-1,6.88173103333,0.0,1,0.0,14,18474.127308010404,SAT,,6.944,
97,28,66,1817.21466994,0,210.64364219864012,-1,1817.21466994,0.0,2,0.0,14,20291.341977950404,UNSAT,,1817.263,
98,20,137,3.82778811455,0,2000.0,-1,3.82778811455,0.0,1,0.0,14,20295.169766064955,SAT,,3.851,
99,29,156,1208.12661791,0,2000.0,-1,1208.12661791,0.0,2,0.0,14,21503.296383974954,UNSAT,,1208.259,
100,29,76,5.60799407959,0,934.3059926185489,-1,5.60799407959,0.0,2,0.0,14,21508.904378054543,UNSAT,,5.632,
101,29,54,6.82964611053,0,927.0156000632525,-1,6.82964611053,0.0,1,0.0,14,21515.734024165075,SAT,,6.862,
102,29,4,38.013201952,0,952.0062215517938,-1,38.013201952,0.0,2,0.0,14,21553.747226117073,UNSAT,,38.037,
103,29,75,4.29960203171,0,902.5890599827945,-1,4.29960203171,0.0,2,0.0,14,21558.046828148785,UNSAT,,4.327,
104,29,101,4.87878894806,0,896.9995767701149,-1,4.87878894806,0.0,1,0.0,14,21562.925617096844,SAT,,4.943,
105,29,137,4.14449596405,0,890.657150827694,-1,4.14449596405,0.0,1,0.0,14,21567.070113060894,SAT,,4.183,
106,29,135,3.57713699341,0,1153.7870712469994,-1,3.57713699341,0.0,1,0.0,14,21570.647250054302,SAT,,3.595,
107,29,155,72.6245968342,0,1149.136792671281,-1,72.6245968342,0.0,2,0.0,14,21643.271846888503,UNSAT,,72.667,
108,29,132,3.5803539753,0,1054.7248168740152,-1,3.5803539753,0.0,1,0.0,14,21646.852200863803,SAT,,3.602,
109,29,20,4.96670007706,0,1050.0703576843916,-1,4.96670007706,0.0,2,0.0,14,21651.818900940863,UNSAT,,5.008,
110,29,105,23.1948010921,0,1043.61364709993,-1,23.1948010921,0.0,1,0.0,14,21675.013702032964,SAT,,23.228,
111,29,27,8.9501490593,0,1013.4604057188809,-1,8.9501490593,0.0,2,0.0,14,21683.963851092263,UNSAT,,8.976,
112,29,103,8.56968402863,0,1001.825212397027,-1,8.56968402863,0.0,1,0.0,14,21692.533535120892,SAT,,8.59,
113,29,93,8.02255105972,0,990.6846221428096,-1,8.02255105972,0.0,1,0.0,14,21700.55608618061,SAT,,8.066,
114,29,66,1814.4059279,0,1639.787441574383,-1,1814.4059279,0.0,2,0.0,14,23514.96201408061,UNSAT,,1814.434,
115,20,64,3.81793498993,0,2000.0,-1,3.81793498993,0.0,1,0.0,15,23518.77994907054,SAT,,3.846,
116,30,136,3.99667596817,0,7.64466234331131,-1,3.99667596817,0.0,1,0.0,15,23522.77662503871,SAT,,4.042,
117,30,59,15.1255269051,0,32.439506881284714,-1,15.1255269051,0.0,1,0.0,15,23537.90215194381,SAT,,15.166,
118,30,135,3.58556699753,0,12.776321720677615,-1,3.58556699753,0.0,1,0.0,15,23541.487718941342,SAT,,3.619,
119,30,123,53.2165589333,0,109.21067827229501,-1,53.2165589333,0.0,1,0.0,15,23594.704277874644,SAT,,53.238,
120,30,64,3.89410614967,0,40.02915172685981,-1,3.89410614967,0.0,1,0.0,15,23598.598384024313,SAT,,3.921,
121,30,103,7.81864404678,0,34.96681450714469,-1,7.81864404678,0.0,1,0.0,15,23606.417028071093,SAT,,7.862,
122,30,101,4.40292596817,0,24.802576180893187,-1,4.40292596817,0.0,1,0.0,15,23610.819954039263,SAT,,4.43,
123,30,5,6.75549411774,0,2000.0,-1,6.75549411774,0.0,2,0.0,15,23617.575448157004,UNSAT,,6.789,
124,30,141,4.55554580688,0,2000.0,-1,4.55554580688,0.0,1,0.0,15,23622.130993963885,SAT,,4.579,
125,30,156,1725.86903119,0,2000.0,-1,1725.86903119,0.0,2,0.0,15,25348.000025153884,UNSAT,,1725.913,
126,30,46,5.09064507484,0,503.9294687922776,-1,5.09064507484,0.0,1,0.0,15,25353.090670228725,SAT,,5.157,
127,30,137,3.28307008743,0,497.3116308342397,-1,3.28307008743,0.0,1,0.0,15,25356.373740316154,SAT,,3.322,
128,30,66,1815.73548508,0,493.04363931377526,-1,1815.73548508,0.0,2,0.0,15,27172.109225396154,UNSAT,,1815.761,
129,20,36,12.9881751537,0,2000.0,-1,12.9881751537,0.0,1,0.0,15,27185.097400549854,SAT,,13.034,
130,31,75,8.31827902794,0,6.818778615790606,-1,8.31827902794,0.0,2,0.0,15,27193.415679577793,UNSAT,,8.392,
131,20,90,4.71521687508,0,2000.0,-1,4.71521687508,0.0,1,0.0,16,27198.130896452873,SAT,,4.753,
132,32,5,7.14214491844,0,11.641532637524605,-1,7.14214491844,0.0,2,0.0,16,27205.273041371314,UNSAT,,7.186,
133,32,155,78.1449940205,0,189.45778616552354,-1,78.1449940205,0.0,2,0.0,16,27283.418035391813,UNSAT,,78.191,
134,32,137,3.89712405205,0,87.8692932318628,-1,3.89712405205,0.0,1,0.0,16,27287.315159443864,SAT,,3.92,
135,32,66,1816.85012698,0,315.3234503123641,-1,1816.85012698,0.0,2,0.0,16,29104.165286423864,UNSAT,,1816.897,
136,20,139,4.50360488892,0,2000.0,-1,4.50360488892,0.0,1,0.0,16,29108.668891312784,SAT,,4.546,
137,33,101,51.1762959957,0,7.640413929122687,-1,51.1762959957,0.0,1,0.0,16,29159.845187308485,SAT,,51.249,
138,20,38,4.33998417854,0,2000.0,-1,4.33998417854,0.0,1,0.0,17,29164.185171487024,SAT,,4.374,
139,34,38,4.51971197128,0,6.6445803161442285,-1,4.51971197128,0.0,1,0.0,17,29168.704883458304,SAT,,4.55,
140,20,12,5.59437298775,0,2000.0,-1,5.59437298775,0.0,2,0.0,17,29174.299256446055,UNSAT,,5.628,
141,35,59,6.56714391708,0,25.73679144342542,-1,6.56714391708,0.0,1,0.0,17,29180.866400363135,SAT,,6.61,
142,35,38,3.66316103935,0,52.33441040699482,-1,3.66316103935,0.0,1,0.0,17,29184.529561402484,SAT,,3.692,
143,35,65,2000.0,0,47.57230010663271,-1,476.3357,0.0,-1,1.0E9,17,29660.865261402483,CRASHED,Run Exceeded Captime -- Treating as CRASHED;Killed Manually,501.406,
144,20,92,4.47469615936,0,2000.0,-1,4.47469615936,0.0,1,0.0,18,29665.339957561842,SAT,,4.499,
145,36,150,1804.49959493,0,251.84263092314006,-1,1804.49959493,0.0,1,0.0,18,31469.83955249184,SAT,,1804.585,
146,20,82,251.801778793,0,2000.0,-1,251.801778793,0.0,1,0.0,18,31721.64133128484,SAT,,251.852,
147,37,137,3.9811398983,0,5.9787246290326115,-1,3.9811398983,0.0,1,0.0,18,31725.622471183142,SAT,,4.117,
148,20,152,83.5288310051,0,2000.0,-1,83.5288310051,0.0,1,0.0,19,31809.151302188242,SAT,,83.544,
149,38,118,7.50087785721,0,7.464041177529097,-1,7.50087785721,0.0,1,0.0,19,31816.65218004545,SAT,,7.54,
150,20,61,7.87703895569,0,2000.0,-1,7.87703895569,0.0,1,0.0,19,31824.52921900114,SAT,,7.914,
151,39,66,1814.46352792,0,210.64364219864012,-1,1814.46352792,0.0,2,0.0,19,33638.99274692114,UNSAT,,1814.488,
152,20,116,6.52154111862,0,2000.0,-1,6.52154111862,0.0,1,0.0,20,33645.51428803976,SAT,,6.557,
153,40,12,6.06877493858,0,8.275284886705876,-1,6.06877493858,0.0,2,0.0,20,33651.583062978345,UNSAT,,6.123,
154,20,131,4.79212284088,0,2000.0,-1,4.79212284088,0.0,1,0.0,20,33656.375185819226,SAT,,4.81,
155,41,131,5.47494888306,0,7.232360344725848,-1,5.47494888306,0.0,1,0.0,20,33661.85013470228,SAT,,5.503,
156,20,50,4.27108287811,0,2000.0,-1,4.27108287811,0.0,1,0.0,21,33666.121217580396,SAT,,4.3,
157,40,4,2000.0,0,16.821023904132844,-1,168.77985,0.0,-1,1.0E9,21,33834.901067580395,CRASHED,Run Exceeded Captime -- Treating as CRASHED;Killed Manually,177.663,
158,20,104,7.92966413498,0,2000.0,-1,7.92966413498,0.0,1,0.0,21,33842.830731715374,SAT,,7.962,
159,42,155,1814.84629893,0,183.1249176416278,-1,1814.84629893,0.0,2,0.0,21,35657.67703064538,UNSAT,,1814.9,
160,20,68,7.96580791473,0,2000.0,-1,7.96580791473,0.0,2,0.0,22,35665.6428385601,UNSAT,,8.0,
161,43,137,3.81151008606,0,5.9787246290326115,-1,3.81151008606,0.0,1,0.0,22,35669.45434864616,SAT,,3.877,
162,43,103,2000.0,0,22.713220853704218,-1,228.12255,0.0,-1,1.0E9,22,35897.57689864616,CRASHED,Run Exceeded Captime -- Treating as CRASHED;Killed Manually,240.129,
163,20,97,4.10552787781,0,2000.0,-1,4.10552787781,0.0,1,0.0,22,35901.68242652397,SAT,,4.122,
164,44,82,126.429322004,0,328.34491244365574,-1,126.429322004,0.0,1,0.0,22,36028.11174852797,SAT,,126.486,
165,44,156,1503.24646902,0,2000.0,-1,1503.24646902,0.0,2,0.0,22,37531.35821754797,UNSAT,,1503.273,
166,44,118,83.0878469944,0,703.5394115265191,-1,83.0878469944,0.0,1,0.0,22,37614.44606454237,SAT,,83.137,
167,44,136,10.9562430382,0,629.6712957214296,-1,10.9562430382,0.0,1,0.0,22,37625.40230758057,SAT,,10.998,
168,44,46,22.0638108253,0,615.4281790259957,-1,22.0638108253,0.0,1,0.0,22,37647.466118405864,SAT,,22.11,
169,44,131,23.2567298412,0,586.7452255341888,-1,23.2567298412,0.0,1,0.0,22,37670.72284824707,SAT,,23.289,
170,44,27,5.93468284607,0,556.5114761594415,-1,5.93468284607,0.0,2,0.0,22,37676.65753109314,UNSAT,,5.961,
171,44,29,49.6089189053,0,621.6755356531322,-1,49.6089189053,0.0,2,0.0,22,37726.26644999844,UNSAT,,49.664,
172,44,75,6.81388092041,0,557.1839411634684,-1,6.81388092041,0.0,2,0.0,22,37733.08033091885,UNSAT,,6.848,
173,44,52,4.58443713188,0,548.3258958797634,-1,4.58443713188,0.0,1,0.0,22,37737.66476805073,SAT,,4.603,
174,44,92,10.2483160496,0,542.3661274727166,-1,10.2483160496,0.0,1,0.0,22,37747.91308410033,SAT,,10.279,
175,44,61,1514.77403712,0,529.0433160852373,-1,1514.77403712,0.0,1,0.0,22,39262.687121220326,SAT,,1514.818,
176,20,107,5.5074930191,0,2000.0,-1,5.5074930191,0.0,1,0.0,23,39268.19461423942,SAT,,5.553,
177,45,27,5.44517207146,0,15.814868908721209,-1,5.44517207146,0.0,2,0.0,23,39273.63978631088,UNSAT,,5.513,
178,45,152,9.69042611122,0,195.43719486181737,-1,9.69042611122,0.0,1,0.0,23,39283.3302124221,SAT,,9.721,
179,45,123,73.884098053,0,182.8396418954909,-1,73.884098053,0.0,1,0.0,23,39357.2143104751,SAT,,73.913,
180,45,75,4.74475884438,0,607.4135075214982,-1,4.74475884438,0.0,2,0.0,23,39361.959069319484,UNSAT,,4.776,
181,45,82,114.468088865,0,601.2453210431814,-1,114.468088865,0.0,1,0.0,23,39476.42715818448,SAT,,114.497,
182,45,155,74.6519289017,0,452.436806157577,-1,74.6519289017,0.0,2,0.0,23,39551.07908708618,UNSAT,,74.711,
183,45,97,4.16293215752,0,355.38929774274226,-1,4.16293215752,0.0,1,0.0,23,39555.2420192437,SAT,,4.197,
184,45,137,3.1968998909,0,429.8144086155772,-1,3.1968998909,0.0,1,0.0,23,39558.4389191346,SAT,,3.225,
185,45,65,15.2301599979,0,425.65843890269394,-1,15.2301599979,0.0,2,0.0,23,39573.669079132495,UNSAT,,15.274,
186,45,68,6.6483669281,0,405.85923063417073,-1,6.6483669281,0.0,2,0.0,23,39580.317446060595,UNSAT,,6.693,
187,45,116,25.4935350418,0,397.21635318209525,-1,25.4935350418,0.0,1,0.0,23,39605.8109811024,SAT,,25.518,
188,45,101,6.46909213066,0,364.0747574049711,-1,6.46909213066,0.0,1,0.0,23,39612.28007323306,SAT,,6.513,
189,45,118,7.44830393791,0,355.66493858431573,-1,7.44830393791,0.0,1,0.0,23,39619.72837717097,SAT,,7.469,
190,45,46,8.30496096611,0,345.9821428063988,-1,8.30496096611,0.0,1,0.0,23,39628.03333813708,SAT,,8.345,
191,45,141,8.43779015541,0,335.1856934729695,-1,8.43779015541,0.0,1,0.0,23,39636.47112829249,SAT,,8.472,
192,45,156,1914.75248504,0,2000.0,-1,1914.75248504,0.0,2,0.0,23,41551.22361333249,UNSAT,,1914.799,
193,45,5,4.8705060482,0,716.3066589165211,-1,4.8705060482,0.0,2,0.0,23,41556.094119380694,UNSAT,,4.898,
194,45,90,4.61056900024,0,709.9750011119723,-1,4.61056900024,0.0,1,0.0,23,41560.70468838093,SAT,,4.649,
195,45,104,20.1875739098,0,703.9812611307681,-1,20.1875739098,0.0,1,0.0,23,41580.892262290734,SAT,,20.237,
196,45,107,11.6107480526,0,677.7374155711115,-1,11.6107480526,0.0,1,0.0,23,41592.50301034333,SAT,,11.652,
197,45,105,27.1839859486,0,662.6434428509057,-1,27.1839859486,0.0,1,0.0,23,41619.68699629193,SAT,,27.211,
198,45,93,52.8953921795,0,627.3042607012868,-1,52.8953921795,0.0,1,0.0,23,41672.58238847143,SAT,,52.935,
199,45,57,4.14334416389,0,558.5402507226646,-1,4.14334416389,0.0,1,0.0,23,41676.725732635314,SAT,,4.172,
200,45,12,5.03291797638,0,553.153903212744,-1,5.03291797638,0.0,2,0.0,23,41681.75865061169,UNSAT,,5.076,
201,45,150,14.6344759464,0,546.6111104827106,-1,14.6344759464,0.0,1,0.0,23,41696.39312655809,SAT,,14.663,
202,45,4,176.486809969,0,527.5862916264415,-1,176.486809969,0.0,2,0.0,23,41872.87993652709,UNSAT,,176.52,
203,45,61,14.4881310463,0,298.153438967067,-1,14.4881310463,0.0,1,0.0,23,41887.36806757339,SAT,,14.516,
204,45,135,3.23705005646,0,279.3188677061081,-1,3.23705005646,0.0,1,0.0,23,41890.60511762985,SAT,,3.267,
205,45,131,4.41047215462,0,275.11070267145635,-1,4.41047215462,0.0,1,0.0,23,41895.01558978447,SAT,,4.45,
206,45,29,5.20309400558,0,269.3770893741131,-1,5.20309400558,0.0,2,0.0,23,41900.218683790044,UNSAT,,5.253,
207,45,92,4.46757793427,0,262.61306674067976,-1,4.46757793427,0.0,1,0.0,23,41904.68626172432,SAT,,4.497,
208,45,64,4.82699608803,0,591.5279519635916,-1,4.82699608803,0.0,1,0.0,23,41909.513257812345,SAT,,4.846,
209,45,50,3.28980207443,0,585.2528577562153,-1,3.28980207443,0.0,1,0.0,23,41912.80305988678,SAT,,3.343,
210,45,79,4.18430089951,0,580.9761151563108,-1,4.18430089951,0.0,2,0.0,23,41916.98736078629,UNSAT,,4.222,
211,45,52,3.49698019028,0,575.5365238416672,-1,3.49698019028,0.0,1,0.0,23,41920.48434097657,SAT,,3.524,
212,45,76,4.58866786957,0,570.9904494587064,-1,4.58866786957,0.0,2,0.0,23,41925.073008846135,UNSAT,,4.635,
213,45,20,4.80714988708,0,565.0251807536662,-1,4.80714988708,0.0,2,0.0,23,41929.88015873321,UNSAT,,4.848,
214,45,59,28.28469491,0,558.7758857648552,-1,28.28469491,0.0,1,0.0,23,41958.16485364321,SAT,,28.327,
215,45,38,3.27120304108,0,522.0057822655618,-1,3.27120304108,0.0,1,0.0,23,41961.43605668429,SAT,,3.315,
216,45,36,5.72562909126,0,517.7532189417362,-1,5.72562909126,0.0,1,0.0,23,41967.16168577555,SAT,,5.75,
217,45,132,4.73707294464,0,510.30990042572023,-1,4.73707294464,0.0,1,0.0,23,41971.89875872019,SAT,,4.773,
218,45,136,4.39132499695,0,504.15170601417424,-1,4.39132499695,0.0,1,0.0,23,41976.29008371714,SAT,,4.423,
219,45,66,81.8952641487,0,498.4429838958859,-1,81.8952641487,0.0,2,0.0,23,42058.18534786584,UNSAT,,81.937,
220,45,103,1801.38012886,0,391.9791408706188,-1,1801.38012886,0.0,1,0.0,23,43859.56547672584,SAT,,1801.408,
221,20,11,1803.13844204,0,2000.0,-1,1803.13844204,0.0,2,0.0,23,45662.70391876584,UNSAT,,1803.193,
222,46,12,4.26901388168,0,8.275284886705876,-1,4.26901388168,0.0,2,0.0,23,45666.97293264752,UNSAT,,4.374,
223,46,135,3.13681912422,0,14.952370606708527,-1,3.13681912422,0.0,1,0.0,23,45670.10975177174,SAT,,3.168,
224,46,141,7.15098881721,0,10.874505609619618,-1,7.15098881721,0.0,1,0.0,23,45677.26074058895,SAT,,7.183,
225,46,20,3.78271603584,0,57.05975842510462,-1,3.78271603584,0.0,2,0.0,23,45681.04345662479,UNSAT,,3.819,
226,46,105,23.0268039703,0,52.1422280821681,-1,23.0268039703,0.0,1,0.0,23,45704.070260595094,SAT,,23.05,
227,46,90,4.11014294624,0,22.207382310527567,-1,4.11014294624,0.0,1,0.0,23,45708.18040354134,SAT,,4.144,
228,46,29,4.71778011322,0,16.86419694532752,-1,4.71778011322,0.0,2,0.0,23,45712.89818365456,UNSAT,,4.748,
229,46,155,134.450984955,0,2000.0,-1,134.450984955,0.0,2,0.0,23,45847.34916860956,UNSAT,,134.486,
230,46,5,4.63896608353,0,2000.0,-1,4.63896608353,0.0,2,0.0,23,45851.988134693085,UNSAT,,4.673,
231,46,137,3.23943209648,0,2000.0,-1,3.23943209648,0.0,1,0.0,23,45855.22756678957,SAT,,3.265,
232,46,131,4.21470308304,0,2000.0,-1,4.21470308304,0.0,1,0.0,23,45859.442269872605,SAT,,4.247,
233,46,156,1547.15927005,0,2000.0,-1,1547.15927005,0.0,2,0.0,23,47406.6015399226,UNSAT,,1547.202,
234,46,64,3.68727302551,0,2000.0,-1,3.68727302551,0.0,1,0.0,23,47410.288812948114,SAT,,3.722,
235,46,11,322.742953062,0,2000.0,-1,322.742953062,0.0,2,0.0,23,47733.031766010114,UNSAT,,322.774,
236,46,152,10.7541429996,0,2000.0,-1,10.7541429996,0.0,1,0.0,23,47743.78590900971,SAT,,10.797,
237,46,59,7.47999310493,0,2000.0,-1,7.47999310493,0.0,1,0.0,23,47751.26590211464,SAT,,7.51,
238,46,52,3.32672810555,0,2000.0,-1,3.32672810555,0.0,1,0.0,23,47754.59263022019,SAT,,3.367,
239,46,93,42.8579320908,0,2000.0,-1,42.8579320908,0.0,1,0.0,23,47797.450562310994,SAT,,42.903,
240,46,101,5.12684607506,0,2000.0,-1,5.12684607506,0.0,1,0.0,23,47802.57740838605,SAT,,5.151,
241,46,46,3.80449199677,0,2000.0,-1,3.80449199677,0.0,1,0.0,23,47806.381900382825,SAT,,3.833,
242,46,118,6.22933387756,0,2000.0,-1,6.22933387756,0.0,1,0.0,23,47812.61123426039,SAT,,6.255,
243,46,150,26.5638029575,0,2000.0,-1,26.5638029575,0.0,1,0.0,23,47839.17503721789,SAT,,26.612,
244,46,65,13.354339838,0,2000.0,-1,13.354339838,0.0,2,0.0,23,47852.529377055886,UNSAT,,13.39,
245,46,82,74.6346850395,0,2000.0,-1,74.6346850395,0.0,1,0.0,23,47927.164062095384,SAT,,74.669,
246,46,107,9.77341198921,0,2000.0,-1,9.77341198921,0.0,1,0.0,23,47936.937474084596,SAT,,9.817,
247,46,116,21.8506119251,0,2000.0,-1,21.8506119251,0.0,1,0.0,23,47958.7880860097,SAT,,21.89,
248,46,57,3.35392594337,0,2000.0,-1,3.35392594337,0.0,1,0.0,23,47962.14201195307,SAT,,3.39,
249,46,97,3.52441096306,0,2000.0,-1,3.52441096306,0.0,1,0.0,23,47965.666422916125,SAT,,3.568,
250,46,54,3.42379713058,0,2000.0,-1,3.42379713058,0.0,1,0.0,23,47969.0902200467,SAT,,3.442,
251,46,132,3.84874606133,0,2000.0,-1,3.84874606133,0.0,1,0.0,23,47972.938966108035,SAT,,3.877,
252,46,92,3.73028802872,0,2000.0,-1,3.73028802872,0.0,1,0.0,23,47976.66925413675,SAT,,3.772,
253,46,38,3.0678050518,0,2000.0,-1,3.0678050518,0.0,1,0.0,23,47979.737059188556,SAT,,3.093,
254,46,61,10.8155739307,0,2000.0,-1,10.8155739307,0.0,1,0.0,23,47990.55263311925,SAT,,10.849,
255,46,50,2.85908198357,0,2000.0,-1,2.85908198357,0.0,1,0.0,23,47993.411715102826,SAT,,2.891,
256,46,66,72.4832758904,0,2000.0,-1,72.4832758904,0.0,2,0.0,23,48065.89499099323,UNSAT,,72.528,
257,46,36,4.73532509804,0,2000.0,-1,4.73532509804,0.0,1,0.0,23,48070.630316091265,SAT,,4.774,
258,46,27,4.58880901337,0,2000.0,-1,4.58880901337,0.0,2,0.0,23,48075.21912510463,UNSAT,,4.623,
259,46,104,18.6311769485,0,2000.0,-1,18.6311769485,0.0,1,0.0,23,48093.85030205313,SAT,,18.662,
260,46,139,4.6448071003,0,2000.0,-1,4.6448071003,0.0,1,0.0,23,48098.49510915343,SAT,,4.668,
261,46,123,65.1977801323,0,2000.0,-1,65.1977801323,0.0,1,0.0,23,48163.69288928573,SAT,,65.233,
262,46,103,1801.8335681,0,2000.0,-1,1801.8335681,0.0,1,0.0,23,49965.526457385735,SAT,,1801.864,
263,46,136,4.50499105453,0,769.3790681551874,-1,4.50499105453,0.0,1,0.0,23,49970.03144844026,SAT,,4.599,
264,46,68,6.81544804573,0,763.5225801620364,-1,6.81544804573,0.0,2,0.0,23,49976.84689648599,UNSAT,,6.864,
265,46,76,4.8066740036,0,754.6624972376704,-1,4.8066740036,0.0,2,0.0,23,49981.653570489594,UNSAT,,4.826,
266,46,79,4.23923897743,0,748.4138209264457,-1,4.23923897743,0.0,2,0.0,23,49985.89280946703,UNSAT,,4.274,
267,46,75,4.62641096115,0,742.9028104882419,-1,4.62641096115,0.0,2,0.0,23,49990.51922042818,UNSAT,,4.653,
268,46,4,146.313275099,0,736.8884761709452,-1,146.313275099,0.0,2,0.0,23,50136.832495527175,UNSAT,,146.353,
269,46,78,4.31291985512,0,2000.0,-1,4.31291985512,0.0,2,0.0,24,50141.14541538229,UNSAT,,4.352,
270,47,150,354.690212965,0,35.53554386680126,-1,354.690212965,0.0,1,0.0,24,50495.83562834729,SAT,,354.721,
271,46,133,18.0572090149,0,2000.0,-1,18.0572090149,0.0,1,0.0,24,50513.89283736219,SAT,,18.103,
272,48,93,9.0862891674,0,56.717911817479134,-1,9.0862891674,0.0,1,0.0,24,50522.979126529586,SAT,,9.12,
273,48,137,4.13411307335,0,63.09998397563696,-1,4.13411307335,0.0,1,0.0,24,50527.113239602935,SAT,,4.151,
274,48,152,73.9196379185,0,57.72563711588383,-1,73.9196379185,0.0,1,0.0,24,50601.03287752144,SAT,,73.967,
275,46,91,3.96763515472,0,2000.0,-1,3.96763515472,0.0,1,0.0,25,50605.00051267615,SAT,,3.998,
276,49,156,1910.77844882,0,2000.0,-1,1910.77844882,0.0,2,0.0,25,52515.77896149615,UNSAT,,1910.814,
277,46,111,4.0184211731,0,2000.0,-1,4.0184211731,0.0,1,0.0,25,52519.797382669254,SAT,,4.222,
278,50,79,4.79360795021,0,6.51361075078249,-1,4.79360795021,0.0,2,0.0,25,52524.590990619465,UNSAT,,4.864,
279,46,71,4.55714201927,0,2000.0,-1,4.55714201927,0.0,2,0.0,26,52529.14813263874,UNSAT,,4.623,
280,51,61,2000.0,0,15.062846325683594,-1,151.15544999999997,0.0,-1,1.0E9,26,52680.303582638735,CRASHED,Run Exceeded Captime -- Treating as CRASHED;Killed Manually,159.111,
281,46,117,5.70158195496,0,2000.0,-1,5.70158195496,0.0,1,0.0,26,52686.0051645937,SAT,,5.73,
282,52,64,4.36745905876,0,5.796056136834621,-1,4.36745905876,0.0,1,0.0,26,52690.37262365246,SAT,,4.396,
283,46,112,37.6307761669,0,2000.0,-1,37.6307761669,0.0,1,0.0,27,52728.00339981936,SAT,,37.666,
284,53,38,4.82608604431,0,4.990747373896838,-1,4.82608604431,0.0,1,0.0,27,52732.82948586367,SAT,,4.863,
285,46,55,4.34409785271,0,2000.0,-1,4.34409785271,0.0,1,0.0,27,52737.17358371638,SAT,,4.377,
286,54,116,19.6809108257,0,29.408395931470398,-1,19.6809108257,0.0,1,0.0,27,52756.85449454208,SAT,,19.71,
287,54,90,4.35784506798,0,14.680008393126727,-1,4.35784506798,0.0,1,0.0,27,52761.21233961006,SAT,,4.403,
288,54,79,5.32227492332,0,9.014810424643755,-1,5.32227492332,0.0,2,0.0,27,52766.534614533375,UNSAT,,5.356,
289,54,135,4.56054902077,0,34.40968383883238,-1,4.56054902077,0.0,1,0.0,27,52771.09516355414,SAT,,4.595,
290,54,65,26.3198149204,0,28.480969172316794,-1,26.3198149204,0.0,2,0.0,27,52797.414978474546,UNSAT,,26.352,
291,46,2,19.1121001244,0,2000.0,-1,19.1121001244,0.0,2,0.0,28,52816.52707859895,UNSAT,,21.369,
292,55,112,10.0688929558,0,49.9226090389967,-1,10.0688929558,0.0,1,0.0,28,52826.59597155475,SAT,,10.1,
293,55,156,1924.43503284,0,2000.0,-1,1924.43503284,0.0,2,0.0,28,54751.031004394754,UNSAT,,1924.476,
294,46,94,4.05285906792,0,2000.0,-1,4.05285906792,0.0,1,0.0,28,54755.08386346267,SAT,,4.073,
295,56,105,23.9467420578,0,30.93744608421922,-1,23.9467420578,0.0,1,0.0,28,54779.03060552047,SAT,,24.073,
296,46,120,1391.875453,0,2000.0,-1,1391.875453,0.0,1,0.0,29,56170.90605852047,SAT,,1391.908,
297,57,29,6.04925513268,0,7.135714672851563,-1,6.04925513268,0.0,2,0.0,29,56176.955313653154,UNSAT,,6.149,
298,46,9,9.61362791061,0,2000.0,-1,9.61362791061,0.0,2,0.0,29,56186.56894156376,UNSAT,,9.654,
299,58,61,2000.0,0,15.062846325683594,-1,151.13455,0.0,-1,1.0E9,29,56337.70349156376,CRASHED,Run Exceeded Captime -- Treating as CRASHED;Killed Manually,159.089,
300,46,26,5.14772200584,0,2000.0,-1,5.14772200584,0.0,2,0.0,30,56342.8512135696,UNSAT,,5.173,
301,38,120,1801.70956802,0,1808.7889826748253,-1,1801.70956802,0.0,1,0.0,30,58144.5607815896,SAT,,1801.753,
302,46,124,5.46519899368,0,2000.0,-1,5.46519899368,0.0,1,0.0,30,58150.02598058328,SAT,,5.506,
303,59,116,17.2610390186,0,29.408395931470398,-1,17.2610390186,0.0,1,0.0,30,58167.287019601885,SAT,,17.322,
304,59,20,5.08684802055,0,18.02228995447159,-1,5.08684802055,0.0,2,0.0,30,58172.37386762244,UNSAT,,5.193,
305,59,29,2000.0,0,11.409388099211455,-1,115.05069999999999,0.0,-1,1.0E9,30,58287.42456762244,CRASHED,Run Exceeded Captime -- Treating as CRASHED;Killed Manually,121.106,
306,46,122,5.07633709908,0,2000.0,-1,5.07633709908,0.0,1,0.0,31,58292.50090472152,SAT,,5.107,
307,60,65,2000.0,0,18.36324184049964,-1,184.41305,0.0,-1,1.0E9,31,58476.91395472152,CRASHED,Run Exceeded Captime -- Treating as CRASHED;Killed Manually,194.119,
308,46,121,3.37631917,0,2000.0,-1,3.37631917,0.0,1,0.0,31,58480.29027389152,SAT,,3.403,
309,61,2,2000.0,0,25.848330173987154,-1,309.69715,0.0,-1,1.0E9,31,58789.98742389152,CRASHED,Run Exceeded Captime -- Treating as CRASHED;Killed Manually,325.997,
310,46,24,105.171716928,0,2000.0,-1,105.171716928,0.0,2,0.0,32,58895.15914081952,UNSAT,,105.237,
311,62,50,3.85302495956,0,4.719407007443905,-1,3.85302495956,0.0,1,0.0,32,58899.01216577908,SAT,,3.879,
312,46,95,4.02979707718,0,2000.0,-1,4.02979707718,0.0,1,0.0,32,58903.04196285626,SAT,,4.071,
313,63,139,11.1231780052,0,7.0408499691367155,-1,11.1231780052,0.0,1,0.0,32,58914.165140861456,SAT,,11.168,
314,46,22,4.45616292953,0,2000.0,-1,4.45616292953,0.0,2,0.0,33,58918.621303790984,UNSAT,,4.496,
315,64,118,4.79487991333,0,9.100735176700354,-1,4.79487991333,0.0,1,0.0,33,58923.416183704314,SAT,,4.83,
316,64,4,33.2697718143,0,223.01209316437246,-1,33.2697718143,0.0,2,0.0,33,58956.68595551862,UNSAT,,33.303,
317,64,105,23.6797809601,0,179.76139037718178,-1,23.6797809601,0.0,1,0.0,33,58980.365736478714,SAT,,23.709,
318,64,152,148.016174078,0,601.1131734478951,-1,148.016174078,0.0,1,0.0,33,59128.381910556716,SAT,,148.041,
319,64,68,6.90084004402,0,408.6921468268811,-1,6.90084004402,0.0,2,0.0,33,59135.28275060074,UNSAT,,6.932,
320,64,59,11.7668440342,0,399.7210554670274,-1,11.7668440342,0.0,1,0.0,33,59147.04959463494,SAT,,11.813,
321,64,11,1802.9764421,0,384.42415770922895,-1,1802.9764421,0.0,2,0.0,33,60950.02603673494,UNSAT,,1803.009,
322,46,18,4.2519030571,0,2000.0,-1,4.2519030571,0.0,2,0.0,33,60954.27793979204,UNSAT,,4.27,
323,65,131,5.7351129055,0,6.481714349585772,-1,5.7351129055,0.0,1,0.0,33,60960.01305269754,SAT,,5.776,
324,46,87,6.78561496735,0,2000.0,-1,6.78561496735,0.0,1,0.0,34,60966.798667664894,SAT,,6.861,
325,66,104,17.3881680965,0,25.223130442547802,-1,17.3881680965,0.0,1,0.0,34,60984.18683576139,SAT,,17.431,
326,66,111,3.85917711258,0,14.94981841032505,-1,3.85917711258,0.0,1,0.0,34,60988.04601287397,SAT,,3.9,
327,66,124,4.81646203995,0,9.932888008999825,-1,4.81646203995,0.0,1,0.0,34,60992.86247491392,SAT,,4.86,
328,66,123,50.8600869179,0,282.073783304888,-1,50.8600869179,0.0,1,0.0,34,61043.72256183182,SAT,,50.899,
329,66,64,5.60408186913,0,215.95566970144512,-1,5.60408186913,0.0,1,0.0,34,61049.32664370095,SAT,,5.631,
330,66,61,1801.93010998,0,208.67036337812544,-1,1801.93010998,0.0,1,0.0,34,62851.25675368095,SAT,,1801.96,
331,46,147,4.12347197533,0,2000.0,-1,4.12347197533,0.0,1,0.0,34,62855.38022565628,SAT,,4.201,
332,67,27,5.02618908882,0,6.968051836240292,-1,5.02618908882,0.0,2,0.0,34,62860.4064147451,UNSAT,,5.104,
333,46,19,9.39649915695,0,2000.0,-1,9.39649915695,0.0,2,0.0,35,62869.80291390205,UNSAT,,9.446,
334,68,122,4.92361092567,0,7.601839200007916,-1,4.92361092567,0.0,1,0.0,35,62874.72652482772,SAT,,4.953,
335,68,26,7.04194498062,0,20.60121902112961,-1,7.04194498062,0.0,2,0.0,35,62881.76846980834,UNSAT,,7.087,
336,68,107,7.26150894165,0,11.446690362292529,-1,7.26150894165,0.0,1,0.0,35,62889.02997874999,SAT,,7.297,
337,68,116,18.5739159584,0,51.25581807305217,-1,18.5739159584,0.0,1,0.0,35,62907.60389470839,SAT,,18.606,
338,68,75,4.10519695282,0,27.10972660069466,-1,4.10519695282,0.0,2,0.0,35,62911.70909166121,UNSAT,,4.145,
339,68,141,4.1715900898,0,21.772971365946532,-1,4.1715900898,0.0,1,0.0,35,62915.880681751005,SAT,,4.207,
340,68,18,6.50546503067,0,16.349903948950768,-1,6.50546503067,0.0,2,0.0,35,62922.386146781675,UNSAT,,6.54,
341,68,57,4.9795589447,0,2000.0,-1,4.9795589447,0.0,1,0.0,35,62927.36570572638,SAT,,5.024,
342,68,55,5.00429987907,0,2000.0,-1,5.00429987907,0.0,1,0.0,35,62932.370005605444,SAT,,5.035,
343,68,66,768.914494991,0,2000.0,-1,768.914494991,0.0,2,0.0,35,63701.28450059644,UNSAT,,768.947,
344,68,156,2111.75164413,0,1159.2354487519442,-1,2111.75164413,0.0,2,0.0,35,65813.03614472644,UNSAT,,2111.816,
345,46,110,11.4813501835,0,2000.0,-1,11.4813501835,0.0,1,0.0,35,65824.51749490995,SAT,,11.529,
346,69,121,3.83502817154,0,5.391815107661485,-1,3.83502817154,0.0,1,0.0,35,65828.35252308148,SAT,,3.896,
347,46,85,5.87192392349,0,2000.0,-1,5.87192392349,0.0,1,0.0,36,65834.22444700498,SAT,,5.901,
348,70,66,2000.0,0,95.23085913469197,-1,953.5501499999999,0.0,-1,1.0E9,36,66787.77459700497,CRASHED,Run Exceeded Captime -- Treating as CRASHED;Killed Manually,1003.737,
349,46,70,4.88346099854,0,2000.0,-1,4.88346099854,0.0,2,0.0,36,66792.65805800351,UNSAT,,4.961,
350,71,38,3.53028893471,0,4.990747373896838,-1,3.53028893471,0.0,1,0.0,36,66796.18834693822,SAT,,3.588,
351,46,13,15.662157774,0,2000.0,-1,15.662157774,0.0,2,0.0,37,66811.85050471222,UNSAT,,15.701,
352,72,90,4.57665896416,0,6.345786888498068,-1,4.57665896416,0.0,1,0.0,37,66816.42716367637,SAT,,4.61,
353,46,44,5.54749107361,0,2000.0,-1,5.54749107361,0.0,1,0.0,37,66821.97465474998,SAT,,5.588,
354,73,68,6.81039905548,0,9.862683236944676,-1,6.81039905548,0.0,2,0.0,37,66828.78505380546,UNSAT,,6.834,
355,73,38,3.57681393623,0,9.450847365307808,-1,3.57681393623,0.0,1,0.0,37,66832.3618677417,SAT,,3.618,
356,73,54,4.27109003067,0,4.800988909202815,-1,4.27109003067,0.0,1,0.0,37,66836.63295777237,SAT,,4.31,
357,46,37,4.11852312088,0,2000.0,-1,4.11852312088,0.0,1,0.0,38,66840.75148089325,SAT,,4.157,
358,74,93,8.59859204292,0,56.717911817479134,-1,8.59859204292,0.0,1,0.0,38,66849.35007293617,SAT,,8.631,
359,74,55,5.58786892891,0,56.9826816100359,-1,5.58786892891,0.0,1,0.0,38,66854.93794186508,SAT,,5.626,
360,74,22,5.93850398064,0,49.7184514891088,-1,5.93850398064,0.0,2,0.0,38,66860.87644584572,UNSAT,,5.965,
361,74,75,4.21521902084,0,86.97850162943007,-1,4.21521902084,0.0,2,0.0,38,66865.09166486656,UNSAT,,4.25,
362,74,101,5.25741004944,0,81.49871806462407,-1,5.25741004944,0.0,1,0.0,38,66870.349074916,SAT,,5.283,
363,74,87,5.60385704041,0,74.66408385743499,-1,5.60385704041,0.0,1,0.0,38,66875.9529319564,SAT,,5.632,
364,74,133,5.47581195831,0,67.37907052819729,-1,5.47581195831,0.0,1,0.0,38,66881.42874391472,SAT,,5.501,
365,74,132,5.05239605904,0,282.7142235714674,-1,5.05239605904,0.0,1,0.0,38,66886.48113997375,SAT,,5.079,
366,74,9,19.2725169659,0,276.1461086462915,-1,19.2725169659,0.0,2,0.0,38,66905.75365693965,UNSAT,,19.308,
367,74,5,7.02560400963,0,251.0918360095203,-1,7.02560400963,0.0,2,0.0,38,66912.77926094928,UNSAT,,7.055,
368,74,124,4.30952000618,0,241.9585506323457,-1,4.30952000618,0.0,1,0.0,38,66917.08878095546,SAT,,4.35,
369,74,131,4.75244498253,0,236.35617446933986,-1,4.75244498253,0.0,1,0.0,38,66921.84122593798,SAT,,4.781,
370,74,92,3.7820019722,0,230.1779959242523,-1,3.7820019722,0.0,1,0.0,38,66925.62322791018,SAT,,3.823,
371,74,26,5.25101089478,0,225.26139420305492,-1,5.25101089478,0.0,2,0.0,38,66930.87423880496,UNSAT,,5.279,
372,74,155,103.968847036,0,218.43508005921842,-1,103.968847036,0.0,2,0.0,38,67034.84308584096,UNSAT,,104.004,
373,74,29,7.31575703621,0,2000.0,-1,7.31575703621,0.0,2,0.0,38,67042.15884287716,UNSAT,,7.34,
374,74,139,4.19596409798,0,2000.0,-1,4.19596409798,0.0,1,0.0,38,67046.35480697514,SAT,,4.227,
375,74,121,3.99916577339,0,2000.0,-1,3.99916577339,0.0,1,0.0,38,67050.35397274853,SAT,,4.044,
376,74,90,4.66293501854,0,2000.0,-1,4.66293501854,0.0,1,0.0,38,67055.01690776707,SAT,,4.702,
377,74,91,4.46271109581,0,2000.0,-1,4.46271109581,0.0,1,0.0,38,67059.47961886288,SAT,,4.496,
378,74,118,4.83710312843,0,2000.0,-1,4.83710312843,0.0,1,0.0,38,67064.31672199132,SAT,,4.876,
379,74,27,10.6864550114,0,2000.0,-1,10.6864550114,0.0,2,0.0,38,67075.00317700271,UNSAT,,10.719,
380,74,150,145.089792013,0,2000.0,-1,145.089792013,0.0,1,0.0,38,67220.0929690157,SAT,,145.113,
381,74,123,65.4749670029,0,2000.0,-1,65.4749670029,0.0,1,0.0,38,67285.5679360186,SAT,,65.521,
382,74,103,8.25307798386,0,2000.0,-1,8.25307798386,0.0,1,0.0,38,67293.82101400246,SAT,,8.298,
383,74,18,6.37932491302,0,2000.0,-1,6.37932491302,0.0,2,0.0,38,67300.20033891549,UNSAT,,6.412,
384,74,137,4.22324419022,0,2000.0,-1,4.22324419022,0.0,1,0.0,38,67304.4235831057,SAT,,4.258,
385,74,95,4.54986000061,0,2000.0,-1,4.54986000061,0.0,1,0.0,38,67308.97344310631,SAT,,4.582,
386,74,71,6.1285598278,0,2000.0,-1,6.1285598278,0.0,2,0.0,38,67315.10200293412,UNSAT,,6.163,
387,74,82,209.557406902,0,2000.0,-1,209.557406902,0.0,1,0.0,38,67524.65940983611,SAT,,209.607,
388,74,36,6.03216004372,0,2000.0,-1,6.03216004372,0.0,1,0.0,38,67530.69156987983,SAT,,6.057,
389,74,135,4.14605402946,0,2000.0,-1,4.14605402946,0.0,1,0.0,38,67534.83762390929,SAT,,4.175,
390,74,78,4.45046305656,0,2000.0,-1,4.45046305656,0.0,2,0.0,38,67539.28808696585,UNSAT,,4.475,
391,74,54,7.60052013397,0,2000.0,-1,7.60052013397,0.0,1,0.0,38,67546.88860709983,SAT,,7.625,
392,74,117,5.37903499603,0,2000.0,-1,5.37903499603,0.0,1,0.0,38,67552.26764209586,SAT,,5.402,
393,74,76,5.63172411919,0,2000.0,-1,5.63172411919,0.0,2,0.0,38,67557.89936621505,UNSAT,,5.662,
394,74,152,167.288207054,0,2000.0,-1,167.288207054,0.0,1,0.0,38,67725.18757326905,SAT,,167.319,
395,74,112,5.70750999451,0,2000.0,-1,5.70750999451,0.0,1,0.0,38,67730.89508326356,SAT,,5.737,
396,74,57,4.54416203499,0,2000.0,-1,4.54416203499,0.0,1,0.0,38,67735.43924529855,SAT,,4.579,
397,74,104,8.16013097763,0,2000.0,-1,8.16013097763,0.0,1,0.0,38,67743.59937627618,SAT,,8.196,
398,74,11,171.539777994,0,2000.0,-1,171.539777994,0.0,2,0.0,38,67915.13915427017,UNSAT,,171.564,
399,74,38,4.48592615128,0,2000.0,-1,4.48592615128,0.0,1,0.0,38,67919.62508042145,SAT,,4.527,
400,74,79,5.02486395836,0,2000.0,-1,5.02486395836,0.0,2,0.0,38,67924.64994437981,UNSAT,,5.048,
401,74,50,3.82827401161,0,2000.0,-1,3.82827401161,0.0,1,0.0,38,67928.47821839142,SAT,,3.871,
402,74,24,5.65358614922,0,2000.0,-1,5.65358614922,0.0,2,0.0,38,67934.13180454064,UNSAT,,5.677,
403,74,66,174.483155012,0,2000.0,-1,174.483155012,0.0,2,0.0,38,68108.61495955264,UNSAT,,174.55,
404,74,68,7.45499110222,0,2000.0,-1,7.45499110222,0.0,2,0.0,38,68116.06995065486,UNSAT,,7.485,
405,74,52,4.76899194717,0,2000.0,-1,4.76899194717,0.0,1,0.0,38,68120.83894260203,SAT,,4.812,
406,74,59,13.8278670311,0,2000.0,-1,13.8278670311,0.0,1,0.0,38,68134.66680963313,SAT,,13.872,
407,74,120,330.659977913,0,2000.0,-1,330.659977913,0.0,1,0.0,38,68465.32678754613,SAT,,330.689,
408,74,97,4.07777094841,0,2000.0,-1,4.07777094841,0.0,1,0.0,38,68469.40455849454,SAT,,4.121,
409,74,85,6.44893693924,0,2000.0,-1,6.44893693924,0.0,1,0.0,38,68475.85349543378,SAT,,6.48,
410,74,147,132.291728973,0,2000.0,-1,132.291728973,0.0,1,0.0,38,68608.14522440678,SAT,,132.317,
411,74,70,9.76495099068,0,2000.0,-1,9.76495099068,0.0,2,0.0,38,68617.91017539745,UNSAT,,9.801,
412,74,105,24.8282630444,0,2000.0,-1,24.8282630444,0.0,1,0.0,38,68642.73843844185,SAT,,24.869,
413,74,122,4.31034612656,0,2000.0,-1,4.31034612656,0.0,1,0.0,38,68647.04878456841,SAT,,4.359,
414,74,37,4.83548903465,0,2000.0,-1,4.83548903465,0.0,1,0.0,38,68651.88427360306,SAT,,4.872,
415,74,156,1907.02366304,0,2000.0,-1,1907.02366304,0.0,2,0.0,38,70558.90793664307,UNSAT,,1907.057,
416,74,20,5.77186393738,0,2000.0,-1,5.77186393738,0.0,2,0.0,38,70564.67980058044,UNSAT,,5.801,
417,74,136,4.86516404152,0,2000.0,-1,4.86516404152,0.0,1,0.0,38,70569.54496462196,SAT,,4.899,
418,74,46,5.04931616783,0,2000.0,-1,5.04931616783,0.0,1,0.0,38,70574.5942807898,SAT,,5.073,
419,74,13,6.13217306137,0,2000.0,-1,6.13217306137,0.0,2,0.0,38,70580.72645385117,UNSAT,,6.161,
420,74,44,5.51114201546,0,2000.0,-1,5.51114201546,0.0,1,0.0,38,70586.23759586662,SAT,,5.54,
421,74,107,5.48746180534,0,2000.0,-1,5.48746180534,0.0,1,0.0,38,70591.72505767197,SAT,,5.525,
422,74,12,6.09644412994,0,2000.0,-1,6.09644412994,0.0,2,0.0,38,70597.82150180191,UNSAT,,6.135,
423,74,19,7.00785112381,0,2000.0,-1,7.00785112381,0.0,2,0.0,38,70604.82935292572,UNSAT,,7.037,
424,74,4,14.3668339252,0,2000.0,-1,14.3668339252,0.0,2,0.0,38,70619.19618685092,UNSAT,,14.397,
425,74,111,5.73433089256,0,2000.0,-1,5.73433089256,0.0,1,0.0,38,70624.93051774349,SAT,,5.763,
426,74,110,13.4823391438,0,2000.0,-1,13.4823391438,0.0,1,0.0,38,70638.41285688728,SAT,,13.521,
427,74,61,14.8883860111,0,2000.0,-1,14.8883860111,0.0,1,0.0,38,70653.30124289838,SAT,,14.917,
428,74,2,172.601662874,0,2000.0,-1,172.601662874,0.0,2,0.0,38,70825.90290577238,UNSAT,,172.625,
429,74,141,5.3212749958,0,2000.0,-1,5.3212749958,0.0,1,0.0,38,70831.22418076819,SAT,,5.353,
430,74,116,6.6843290329,0,2000.0,-1,6.6843290329,0.0,1,0.0,38,70837.90850980108,SAT,,6.713,
431,74,64,4.98418903351,0,2000.0,-1,4.98418903351,0.0,1,0.0,38,70842.89269883459,SAT,,5.025,
432,74,65,18.8085479736,0,2000.0,-1,18.8085479736,0.0,2,0.0,38,70861.7012468082,UNSAT,,18.832,
433,74,94,4.40827012062,0,2000.0,-1,4.40827012062,0.0,1,0.0,38,70866.10951692882,SAT,,4.449,
434,74,98,3.37481403351,0,2000.0,-1,3.37481403351,0.0,1,0.0,38,70869.48433096232,SAT,,3.416,
435,75,13,5.83307909966,0,8.97442567010522,-1,5.83307909966,0.0,2,0.0,38,70875.31741006198,UNSAT,,5.886,
436,75,91,6.17469000816,0,14.314102370637656,-1,6.17469000816,0.0,1,0.0,38,70881.49210007014,SAT,,6.211,
437,75,133,2000.0,0,6.2870052534818655,-1,63.7317,0.0,-1,1.0E9,38,70945.22380007015,CRASHED,Run Exceeded Captime -- Treating as CRASHED;Killed Manually,67.086,
438,74,153,93.590239048,0,2000.0,-1,93.590239048,0.0,1,0.0,39,71038.81403911815,SAT,,93.634,
439,76,9,2.69258880615,0,26.056872949349884,-1,2.69258880615,0.0,2,0.0,39,71041.5066279243,UNSAT,,2.717,
440,76,38,4.94208693504,0,36.31618906592131,-1,4.94208693504,0.0,1,0.0,39,71046.44871485935,SAT,,4.971,
441,76,12,6.32742905617,0,29.89147537236214,-1,6.32742905617,0.0,2,0.0,39,71052.77614391551,UNSAT,,6.355,
442,76,123,82.6539881229,0,128.0234892744303,-1,82.6539881229,0.0,1,0.0,39,71135.43013203841,SAT,,82.68,
443,76,24,6.5663869381,0,20.573304675865174,-1,6.5663869381,0.0,2,0.0,39,71141.9965189765,UNSAT,,6.607,
444,76,76,5.85667300224,0,12.037002005028725,-1,5.85667300224,0.0,2,0.0,39,71147.85319197875,UNSAT,,5.895,
445,76,46,2000.0,0,4.4233268018543725,-1,45.17345,0.0,-1,1.0E9,39,71193.02664197875,CRASHED,Run Exceeded Captime -- Treating as CRASHED;Killed Manually,47.551,
446,74,86,4.77644705772,0,2000.0,-1,4.77644705772,0.0,1,0.0,39,71197.80308903648,SAT,,4.797,
447,77,70,4.976115942,0,13.697037462490798,-1,4.976115942,0.0,2,0.0,39,71202.77920497848,UNSAT,,5.01,
448,77,86,24.7762169838,0,185.41931555454732,-1,24.7762169838,0.0,1,0.0,39,71227.55542196227,SAT,,24.838,
449,77,147,182.948899984,0,153.2102327685535,-1,182.948899984,0.0,1,0.0,39,71410.50432194627,SAT,,182.988,
450,74,145,576.583518028,0,2000.0,-1,576.583518028,0.0,1,0.0,40,71987.08783997427,SAT,,576.609,
451,78,44,6.43054819107,0,8.167085320103169,-1,6.43054819107,0.0,1,0.0,40,71993.51838816534,SAT,,6.462,
452,74,67,109.547722816,0,2000.0,-1,109.547722816,0.0,2,0.0,40,72103.06611098134,UNSAT,,109.58,
453,79,5,6.22365307808,0,10.135885689753295,-1,6.22365307808,0.0,2,0.0,40,72109.28976405942,UNSAT,,6.259,
454,79,141,3.78086590767,0,16.12987871130109,-1,3.78086590767,0.0,1,0.0,40,72113.07062996709,SAT,,3.822,
455,79,44,4.16422104836,0,11.214752856987715,-1,4.16422104836,0.0,1,0.0,40,72117.23485101544,SAT,,4.194,
456,79,86,3.90815091133,0,29.842430342334513,-1,3.90815091133,0.0,1,0.0,40,72121.14300192677,SAT,,3.945,
457,79,137,3.4623260498,0,24.761834264147286,-1,3.4623260498,0.0,1,0.0,40,72124.60532797658,SAT,,3.492,
458,79,92,3.45038414001,0,20.260809537369013,-1,3.45038414001,0.0,1,0.0,40,72128.05571211659,SAT,,3.469,
459,79,112,5.09463000298,0,15.775311075496674,-1,5.09463000298,0.0,1,0.0,40,72133.15034211957,SAT,,5.125,
460,79,37,3.9652121067,0,353.28621891175504,-1,3.9652121067,0.0,1,0.0,40,72137.11555422627,SAT,,3.997,
461,79,65,19.9383399487,0,348.13144326989647,-1,19.9383399487,0.0,2,0.0,40,72157.05389417497,UNSAT,,19.981,
462,79,123,64.4668390751,0,322.21160194684865,-1,64.4668390751,0.0,1,0.0,40,72221.52073325007,SAT,,64.51,
463,79,12,5.42555093765,0,238.40471160446407,-1,5.42555093765,0.0,2,0.0,40,72226.94628418772,UNSAT,,5.453,
464,79,55,8.55575990677,0,231.35149533708693,-1,8.55575990677,0.0,1,0.0,40,72235.5020440945,SAT,,8.586,
465,79,78,4.31882810593,0,220.22900654782654,-1,4.31882810593,0.0,2,0.0,40,72239.82087220042,UNSAT,,4.352,
466,79,150,277.255339146,0,214.6145304556668,-1,277.255339146,0.0,1,0.0,40,72517.07621134642,SAT,,277.285,
467,74,10,15.3321390152,0,2000.0,-1,15.3321390152,0.0,2,0.0,41,72532.40835036161,UNSAT,,15.379,
468,80,98,3.57763195038,0,5.389858585196733,-1,3.57763195038,0.0,1,0.0,41,72535.98598231199,SAT,,3.602,
469,74,83,88.7468140125,0,2000.0,-1,88.7468140125,0.0,1,0.0,41,72624.73279632449,SAT,,88.776,
470,81,83,2000.0,0,116.37345858697893,-1,1164.6097499999998,0.0,-1,1.0E9,41,73789.3425463245,CRASHED,Run Exceeded Captime -- Treating as CRASHED;Killed Manually,1225.905,
471,74,7,10.9511039257,0,2000.0,-1,10.9511039257,0.0,2,0.0,42,73800.2936502502,UNSAT,,11.005,
472,82,155,85.1705141068,0,136.16210211848022,-1,85.1705141068,0.0,2,0.0,42,73885.46416435699,UNSAT,,85.332,
473,82,117,7.35447597504,0,38.49759417434335,-1,7.35447597504,0.0,1,0.0,42,73892.81864033203,SAT,,7.393,
474,82,90,4.65024089813,0,28.93677594919801,-1,4.65024089813,0.0,1,0.0,42,73897.46888123016,SAT,,4.677,
475,82,141,4.81534409523,0,2000.0,-1,4.81534409523,0.0,1,0.0,42,73902.28422532539,SAT,,4.854,
476,82,133,1801.49197197,0,2000.0,-1,1801.49197197,0.0,1,0.0,42,75703.77619729539,SAT,,1801.525,
477,82,93,9.01686787605,0,179.04229572822453,-1,9.01686787605,0.0,1,0.0,42,75712.79306517144,SAT,,9.074,
478,82,156,984.187839031,0,167.3203676830709,-1,984.187839031,0.0,2,0.0,42,76696.98090420244,UNSAT,,984.213,
479,74,148,4.58760905266,0,2000.0,-1,4.58760905266,0.0,1,0.0,42,76701.5685132551,SAT,,4.624,
480,83,2,334.845861912,0,225.3847628723562,-1,334.845861912,0.0,2,0.0,42,77036.4143751671,UNSAT,,334.932,
481,74,14,36.846791029,0,2000.0,-1,36.846791029,0.0,2,0.0,43,77073.26116619611,UNSAT,,36.888,
482,84,9,2000.0,0,26.056872949349884,-1,260.9004,0.0,-1,1.0E9,43,77334.16156619611,CRASHED,Run Exceeded Captime -- Treating as CRASHED;Killed Manually,274.632,
483,74,16,6.23988413811,0,2000.0,-1,6.23988413811,0.0,2,0.0,43,77340.40145033422,UNSAT,,6.281,
484,85,79,4.32032394409,0,7.534923952418566,-1,4.32032394409,0.0,2,0.0,43,77344.72177427831,UNSAT,,4.347,
485,85,105,2000.0,0,45.37601404671669,-1,454.2824,0.0,-1,1.0E9,43,77799.0041742783,CRASHED,Run Exceeded Captime -- Treating as CRASHED;Killed Manually,478.192,
486,74,28,6.16730809212,0,2000.0,-1,6.16730809212,0.0,2,0.0,44,77805.17148237042,UNSAT,,6.208,
487,86,79,5.38979792595,0,7.534923952418566,-1,5.38979792595,0.0,2,0.0,44,77810.56128029637,UNSAT,,5.435,
488,74,39,1804.29111099,0,2000.0,-1,1804.29111099,0.0,1,0.0,44,79614.85239128637,SAT,,1804.329,
489,87,5,5.13235092163,0,10.135885689753295,-1,5.13235092163,0.0,2,0.0,44,79619.984742208,UNSAT,,5.152,
490,87,155,115.853666067,0,2000.0,-1,115.853666067,0.0,2,0.0,44,79735.83840827501,UNSAT,,115.885,
491,87,39,1801.67562699,0,2000.0,-1,1801.67562699,0.0,1,0.0,44,81537.51403526502,SAT,,1801.701,
492,74,21,7.91910004616,0,2000.0,-1,7.91910004616,0.0,2,0.0,45,81545.43313531118,UNSAT,,7.938,
493,88,29,2000.0,0,10.513085302311183,-1,106.03139999999999,0.0,-1,1.0E9,45,81651.46453531118,CRASHED,Run Exceeded Captime -- Treating as CRASHED;Killed Manually,111.612,
494,74,60,5.21942615509,0,2000.0,-1,5.21942615509,0.0,1,0.0,45,81656.68396146627,SAT,,5.251,
495,89,46,2000.0,0,7.5667113888740545,-1,76.53864999999999,0.0,-1,1.0E9,45,81733.22261146628,CRASHED,Run Exceeded Captime -- Treating as CRASHED;Killed Manually,80.567,
496,74,58,4.45993614197,0,2000.0,-1,4.45993614197,0.0,1,0.0,46,81737.68254760824,SAT,,4.503,
497,90,110,2000.0,0,18.52964189683199,-1,185.8333,0.0,-1,1.0E9,46,81923.51584760824,CRASHED,Run Exceeded Captime -- Treating as CRASHED;Killed Manually,195.614,
498,74,17,5.83262515068,0,2000.0,-1,5.83262515068,0.0,2,0.0,46,81929.34847275892,UNSAT,,5.878,
499,91,36,7.16934800148,0,8.84440894086957,-1,7.16934800148,0.0,1,0.0,46,81936.5178207604,SAT,,7.217,
500,74,102,5.09294104576,0,2000.0,-1,5.09294104576,0.0,1,0.0,47,81941.61076180617,SAT,,5.13,
501,92,57,4.49827098846,0,6.910011161464453,-1,4.49827098846,0.0,1,0.0,47,81946.10903279463,SAT,,4.527,
502,92,13,5.70188903809,0,14.337786462503672,-1,5.70188903809,0.0,2,0.0,47,81951.81092183272,UNSAT,,5.738,
503,92,97,3.76130199432,0,6.925330393362046,-1,3.76130199432,0.0,1,0.0,47,81955.57222382704,SAT,,3.794,
504,92,110,7.26003909111,0,48.59369200502634,-1,7.26003909111,0.0,1,0.0,47,81962.83226291815,SAT,,7.291,
505,92,103,398.407100916,0,39.15564193238616,-1,398.407100916,0.0,1,0.0,47,82361.23936383415,SAT,,398.44,
506,74,149,155.786443949,0,2000.0,-1,155.786443949,0.0,1,0.0,47,82517.02580778314,SAT,,155.831,
507,93,24,4.84629511833,0,8.352262422788144,-1,4.84629511833,0.0,2,0.0,47,82521.87210290147,UNSAT,,4.887,
508,93,86,14.391135931,0,13.462975144731999,-1,14.391135931,0.0,1,0.0,47,82536.26323883247,SAT,,14.42,
509,74,73,4.39038300514,0,2000.0,-1,4.39038300514,0.0,2,0.0,48,82540.65362183761,UNSAT,,4.422,
510,94,38,4.08658790588,0,6.834304880696536,-1,4.08658790588,0.0,1,0.0,48,82544.7402097435,SAT,,4.132,
511,94,90,4.17115998268,0,2000.0,-1,4.17115998268,0.0,1,0.0,48,82548.91136972618,SAT,,4.195,
512,94,156,1912.62219,0,2000.0,-1,1912.62219,0.0,2,0.0,48,84461.53355972617,UNSAT,,1912.668,
513,74,89,4.62282299995,0,2000.0,-1,4.62282299995,0.0,1,0.0,48,84466.15638272613,SAT,,4.806,
514,95,22,5.24223399162,0,8.722655371177197,-1,5.24223399162,0.0,2,0.0,48,84471.39861671775,UNSAT,,5.297,
515,95,124,5.816655159,0,14.932490595030785,-1,5.816655159,0.0,1,0.0,48,84477.21527187675,SAT,,5.859,
516,95,112,42.883854866,0,7.370838791477681,-1,42.883854866,0.0,1,0.0,48,84520.09912674275,SAT,,42.928,
517,74,56,5.02499604225,0,2000.0,-1,5.02499604225,0.0,1,0.0,49,84525.124122785,SAT,,5.055,
518,96,38,4.66735720634,0,6.834304880696536,-1,4.66735720634,0.0,1,0.0,49,84529.79147999134,SAT,,4.706,
519,74,62,4.29017496109,0,2000.0,-1,4.29017496109,0.0,1,0.0,49,84534.08165495243,SAT,,4.319,
520,97,105,2000.0,0,33.27934293856025,-1,333.59345,0.0,-1,1.0E9,49,84867.67510495243,CRASHED,Run Exceeded Captime -- Treating as CRASHED;Killed Manually,351.151,
521,74,96,3.96140098572,0,2000.0,-1,3.96140098572,0.0,1,0.0,50,84871.63650593815,SAT,,3.992,
522,98,123,68.8028359413,0,86.12005802651049,-1,68.8028359413,0.0,1,0.0,50,84940.43934187945,SAT,,68.837,
523,74,33,5.21168899536,0,2000.0,-1,5.21168899536,0.0,1,0.0,50,84945.65103087481,SAT,,5.235,
524,99,64,7.30676913261,0,7.482045784938336,-1,7.30676913261,0.0,1,0.0,50,84952.95780000743,SAT,,7.331,
525,74,48,4.66620802879,0,2000.0,-1,4.66620802879,0.0,1,0.0,51,84957.62400803622,SAT,,4.706,
526,100,62,4.37322711945,0,6.579828624027968,-1,4.37322711945,0.0,1,0.0,51,84961.99723515566,SAT,,4.402,
527,74,3,6.77321410179,0,2000.0,-1,6.77321410179,0.0,2,0.0,51,84968.77044925746,UNSAT,,6.838,
528,101,120,328.565226078,0,430.86057183181043,-1,328.565226078,0.0,1,0.0,51,85297.33567533546,SAT,,328.605,
529,101,9,2000.0,0,34.23740331863165,-1,343.10769999999997,0.0,-1,1.0E9,51,85640.44337533545,CRASHED,Run Exceeded Captime -- Treating as CRASHED;Killed Manually,361.166,
530,74,69,5.05093288422,0,2000.0,-1,5.05093288422,0.0,2,0.0,52,85645.49430821967,UNSAT,,5.086,
531,102,147,1803.58778119,0,172.9818487431586,-1,1803.58778119,0.0,1,0.0,52,87449.08208940967,SAT,,1803.626,
532,74,31,5.74746608734,0,2000.0,-1,5.74746608734,0.0,2,0.0,52,87454.82955549701,UNSAT,,5.778,
533,103,148,5.22842311859,0,6.966492429721356,-1,5.22842311859,0.0,1,0.0,52,87460.0579786156,SAT,,5.333,
534,74,35,35.8937969208,0,2000.0,-1,35.8937969208,0.0,1,0.0,53,87495.9517755364,SAT,,35.934,
535,104,75,4.58512401581,0,6.48238508810401,-1,4.58512401581,0.0,2,0.0,53,87500.53689955221,UNSAT,,4.612,
536,74,143,357.601691008,0,2000.0,-1,357.601691008,0.0,1,0.0,53,87858.13859056022,SAT,,357.637,
537,105,57,4.55300998688,0,6.910011161464453,-1,4.55300998688,0.0,1,0.0,53,87862.6916005471,SAT,,4.579,
538,74,88,4.38180685043,0,2000.0,-1,4.38180685043,0.0,1,0.0,54,87867.07340739753,SAT,,4.426,
539,106,145,75.7536988258,0,750.5611745532334,-1,75.7536988258,0.0,1,0.0,54,87942.82710622334,SAT,,75.802,
540,106,79,5.0309278965,0,665.7807738411904,-1,5.0309278965,0.0,2,0.0,54,87947.85803411984,UNSAT,,5.076,
541,106,44,5.57015013695,0,659.2405672076821,-1,5.57015013695,0.0,1,0.0,54,87953.42818425679,SAT,,5.614,
542,106,10,17.9690189362,0,903.7532356459379,-1,17.9690189362,0.0,2,0.0,54,87971.39720319299,UNSAT,,17.988,
543,106,152,85.7553901672,0,880.3935112323344,-1,85.7553901672,0.0,1,0.0,54,88057.1525933602,SAT,,85.788,
544,106,28,5.46948599815,0,768.9115040827274,-1,5.46948599815,0.0,2,0.0,54,88062.62207935835,UNSAT,,5.511,
545,106,136,4.33400917053,0,761.8011721301556,-1,4.33400917053,0.0,1,0.0,54,88066.95608852888,SAT,,4.373,
546,106,155,115.442173958,0,1297.5004311542689,-1,115.442173958,0.0,2,0.0,54,88182.39826248688,UNSAT,,115.48,
547,106,141,4.57399511337,0,1147.4256043214082,-1,4.57399511337,0.0,1,0.0,54,88186.97225760025,SAT,,4.602,
548,106,87,5.0539150238,0,1141.47941049968,-1,5.0539150238,0.0,1,0.0,54,88192.02617262406,SAT,,5.074,
549,106,29,9.79211497307,0,1134.909320891249,-1,9.79211497307,0.0,2,0.0,54,88201.81828759713,UNSAT,,9.83,
550,106,137,3.66487789154,0,1122.1795719008624,-1,3.66487789154,0.0,1,0.0,54,88205.48316548867,SAT,,3.702,
551,106,67,82.6334271431,0,1117.4152302447437,-1,82.6334271431,0.0,2,0.0,54,88288.11659263176,UNSAT,,82.665,
552,106,66,1815.02078795,0,1009.9917759079218,-1,1815.02078795,0.0,2,0.0,54,90103.13738058176,UNSAT,,1815.066,
553,74,25,8.26142883301,0,2000.0,-1,8.26142883301,0.0,2,0.0,54,90111.39880941476,UNSAT,,8.316,
554,107,86,4.55188679695,0,7.211981516677142,-1,4.55188679695,0.0,1,0.0,54,90115.95069621172,SAT,,4.606,
555,107,67,76.6108119488,0,149.19938593019845,-1,76.6108119488,0.0,2,0.0,54,90192.56150816052,UNSAT,,76.646,
556,107,137,3.59685897827,0,49.60533034836054,-1,3.59685897827,0.0,1,0.0,54,90196.15836713879,SAT,,3.648,
557,107,97,4.22252893448,0,284.6469977762282,-1,4.22252893448,0.0,1,0.0,54,90200.38089607327,SAT,,4.24,
558,107,149,104.745303154,0,279.1577112752676,-1,104.745303154,0.0,1,0.0,54,90305.12619922728,SAT,,104.77,
559,107,101,4.82011604309,0,142.98881701042058,-1,4.82011604309,0.0,1,0.0,54,90309.94631527037,SAT,,4.877,
560,107,9,139.142325878,0,136.72266517614128,-1,139.142325878,0.0,2,0.0,54,90449.08864114837,UNSAT,,139.168,
561,74,23,6.2956609726,0,2000.0,-1,6.2956609726,0.0,2,0.0,55,90455.38430212096,UNSAT,,6.335,
562,69,37,4.13169503212,0,7.503414981412888,-1,4.13169503212,0.0,1,0.0,55,90459.51599715308,SAT,,4.17,
563,69,104,9.45848011971,0,19.735727820891142,-1,9.45848011971,0.0,1,0.0,55,90468.97447727279,SAT,,9.496,
564,69,117,4.34103798866,0,7.439703297215701,-1,4.34103798866,0.0,1,0.0,55,90473.31551526145,SAT,,4.374,
565,69,107,4.66543292999,0,30.827610835778717,-1,4.66543292999,0.0,1,0.0,55,90477.98094819144,SAT,,4.7,
566,69,118,4.20670008659,0,24.76254737784267,-1,4.20670008659,0.0,1,0.0,55,90482.18764827804,SAT,,4.238,
567,69,112,2000.0,0,19.29383826290369,-1,198.81884999999997,0.0,-1,1.0E9,55,90681.00649827803,CRASHED,Run Exceeded Captime -- Treating as CRASHED;Killed Manually,209.283,
568,74,100,7.9361641407,0,2000.0,-1,7.9361641407,0.0,2,0.0,55,90688.94266241873,UNSAT,,8.053,
569,108,9,2.49690508842,0,26.056872949349884,-1,2.49690508842,0.0,2,0.0,55,90691.43956750716,UNSAT,,2.543,
570,108,2,1801.61117792,0,253.72798125107886,-1,1801.61117792,0.0,2,0.0,55,92493.05074542716,UNSAT,,1801.634,
571,74,32,3.7147321701,0,2000.0,-1,3.7147321701,0.0,1,0.0,56,92496.76547759726,SAT,,3.744,
572,109,90,3.75973701477,0,7.064416621226073,-1,3.75973701477,0.0,1,0.0,56,92500.52521461203,SAT,,3.86,
573,109,68,6.41940712929,0,18.64604166557193,-1,6.41940712929,0.0,2,0.0,56,92506.94462174132,UNSAT,,6.456,
574,109,33,5.74239802361,0,10.300812300640345,-1,5.74239802361,0.0,1,0.0,56,92512.68701976493,SAT,,5.783,
575,109,135,3.5441660881,0,48.883737985390425,-1,3.5441660881,0.0,1,0.0,56,92516.23118585303,SAT,,3.57,
576,109,28,5.22186803818,0,44.27632250671387,-1,5.22186803818,0.0,2,0.0,56,92521.45305389121,UNSAT,,5.254,
577,109,23,6.01478290558,0,37.48789298196435,-1,6.01478290558,0.0,2,0.0,56,92527.46783679679,UNSAT,,6.052,
578,109,65,33.0335388184,0,29.668675165969137,-1,33.0335388184,0.0,2,0.0,56,92560.50137561519,UNSAT,,33.06,
579,74,80,4.33157014847,0,2000.0,-1,4.33157014847,0.0,2,0.0,56,92564.83294576366,UNSAT,,4.371,
580,110,121,3.92464804649,0,6.201516360390187,-1,3.92464804649,0.0,1,0.0,56,92568.75759381015,SAT,,3.95,
581,110,37,3.61714696884,0,13.956323907124997,-1,3.61714696884,0.0,1,0.0,56,92572.37474077899,SAT,,3.646,
582,110,132,4.1518228054,0,9.254032828259469,-1,4.1518228054,0.0,1,0.0,56,92576.5265635844,SAT,,4.195,
583,110,122,4.56931304932,0,223.09031774138214,-1,4.56931304932,0.0,1,0.0,56,92581.09587663371,SAT,,4.598,
584,110,97,4.1302587986,0,217.15021020581128,-1,4.1302587986,0.0,1,0.0,56,92585.22613543231,SAT,,4.16,
585,110,149,225.129812002,0,211.78087451343538,-1,225.129812002,0.0,1,0.0,56,92810.3559474343,SAT,,225.169,
586,74,125,5.67968511581,0,2000.0,-1,5.67968511581,0.0,1,0.0,57,92816.03563255012,SAT,,5.702,
587,111,59,8.61226582527,0,18.978827249604464,-1,8.61226582527,0.0,1,0.0,57,92824.64789837539,SAT,,8.687,
588,111,5,6.54823303223,0,24.037322856831555,-1,6.54823303223,0.0,2,0.0,57,92831.19613140762,UNSAT,,6.585,
589,111,133,7.99460196495,0,15.524619527506829,-1,7.99460196495,0.0,1,0.0,57,92839.19073337257,SAT,,8.017,
590,111,62,3.7541821003,0,249.06312440370323,-1,3.7541821003,0.0,1,0.0,57,92842.94491547286,SAT,,3.799,
591,111,66,186.784978151,0,244.1826880801201,-1,186.784978151,0.0,2,0.0,57,93029.72989362387,UNSAT,,186.831,
592,111,98,3.44850707054,0,1.3622166480600835,-1,3.44850707054,0.0,1,0.0,57,93033.1784006944,SAT,,3.471,
593,74,130,4.96815609932,0,2000.0,-1,4.96815609932,0.0,1,0.0,57,93038.14655679373,SAT,,4.998,
594,112,32,5.26812982559,0,5.831752986061573,-1,5.26812982559,0.0,1,0.0,57,93043.41468661932,SAT,,5.425,
595,74,129,4.3607211113,0,2000.0,-1,4.3607211113,0.0,1,0.0,58,93047.77540773062,SAT,,4.396,
596,113,93,2000.0,0,12.180770084607602,-1,122.81504999999999,0.0,-1,1.0E9,58,93170.59045773062,CRASHED,Run Exceeded Captime -- Treating as CRASHED;Killed Manually,129.279,
597,74,128,5.46458601952,0,2000.0,-1,5.46458601952,0.0,1,0.0,58,93176.05504375014,SAT,,5.503,
598,114,101,5.54172182083,0,7.837233309048415,-1,5.54172182083,0.0,1,0.0,58,93181.59676557097,SAT,,5.625,
599,74,8,7.69748401642,0,2000.0,-1,7.69748401642,0.0,2,0.0,59,93189.29424958739,UNSAT,,7.734,
600,115,50,4.28924798965,0,5.9793566245317455,-1,4.28924798965,0.0,1,0.0,59,93193.58349757704,SAT,,4.593,
601,74,45,6.40264606476,0,2000.0,-1,6.40264606476,0.0,1,0.0,59,93199.9861436418,SAT,,6.433,
602,116,131,6.27127695084,0,7.180778857666255,-1,6.27127695084,0.0,1,0.0,59,93206.25742059264,SAT,,6.306,
603,74,138,6.55993294716,0,2000.0,-1,6.55993294716,0.0,1,0.0,60,93212.8173535398,SAT,,6.588,
604,115,148,5.68693614006,0,6.368526619273425,-1,5.68693614006,0.0,1,0.0,60,93218.50428967985,SAT,,5.712,
605,74,42,14.3721001148,0,2000.0,-1,14.3721001148,0.0,1,0.0,60,93232.87638979465,SAT,,14.403,
606,117,131,4.50390291214,0,7.180778857666255,-1,4.50390291214,0.0,1,0.0,60,93237.38029270679,SAT,,4.539,
607,117,97,4.13899898529,0,31.080520421612267,-1,4.13899898529,0.0,1,0.0,60,93241.51929169208,SAT,,4.169,
608,117,65,28.1646270752,0,25.699820917445425,-1,28.1646270752,0.0,2,0.0,60,93269.68391876727,UNSAT,,28.194,
609,74,49,4.59663891792,0,2000.0,-1,4.59663891792,0.0,1,0.0,61,93274.2805576852,SAT,,4.621,
610,118,42,13.1192581654,0,19.686330471533537,-1,13.1192581654,0.0,1,0.0,61,93287.3998158506,SAT,,13.161,
611,118,33,5.30437803268,0,14.385847177702189,-1,5.30437803268,0.0,1,0.0,61,93292.70419388328,SAT,,5.326,
612,118,50,3.8474779129,0,7.490155183124543,-1,3.8474779129,0.0,1,0.0,61,93296.55167179619,SAT,,3.877,
613,118,93,11.1063008308,0,251.5569181073189,-1,11.1063008308,0.0,1,0.0,61,93307.65797262698,SAT,,11.155,
614,118,62,4.60341596603,0,237.11872667853834,-1,4.60341596603,0.0,1,0.0,61,93312.26138859302,SAT,,4.645,
615,118,75,4.58335399628,0,231.13428623263837,-1,4.58335399628,0.0,2,0.0,61,93316.8447425893,UNSAT,,4.621,
616,118,66,236.54466486,0,225.17592589219214,-1,236.54466486,0.0,2,0.0,61,93553.3894074493,UNSAT,,236.589,
617,74,113,13.1381428242,0,2000.0,-1,13.1381428242,0.0,1,0.0,61,93566.5275502735,SAT,,13.227,
618,119,25,7.97244811058,0,11.742458202290535,-1,7.97244811058,0.0,2,0.0,61,93574.49999838408,UNSAT,,8.092,
619,119,2,262.261924982,0,232.24248307605387,-1,262.261924982,0.0,2,0.0,61,93836.76192336608,UNSAT,,262.303,
620,74,119,4.53456616402,0,2000.0,-1,4.53456616402,0.0,1,0.0,62,93841.2964895301,SAT,,4.551,
621,115,82,178.4853549,0,271.40143875812294,-1,178.4853549,0.0,1,0.0,62,94019.7818444301,SAT,,178.541,
622,115,133,2000.0,0,51.98185014386773,-1,520.6532,0.0,-1,1.0E9,62,94540.4350444301,CRASHED,Run Exceeded Captime -- Treating as CRASHED;Killed Manually,548.056,
623,74,77,6.27158713341,0,2000.0,-1,6.27158713341,0.0,2,0.0,62,94546.7066315635,UNSAT,,6.306,
624,120,97,11.4033250809,0,6.303702283996344,-1,11.4033250809,0.0,1,0.0,62,94558.1099566444,SAT,,11.448,
625,74,51,13.8166508675,0,2000.0,-1,13.8166508675,0.0,1,0.0,63,94571.92660751191,SAT,,13.844,
626,121,59,8.64406704903,0,18.978827249604464,-1,8.64406704903,0.0,1,0.0,63,94580.57067456094,SAT,,8.68,
627,121,69,4.50804209709,0,22.235731304037575,-1,4.50804209709,0.0,2,0.0,63,94585.07871665803,UNSAT,,4.55,
628,121,12,6.42073988914,0,16.375275783586503,-1,6.42073988914,0.0,2,0.0,63,94591.49945654717,UNSAT,,6.461,
629,121,52,4.68266201019,0,85.29459320788385,-1,4.68266201019,0.0,1,0.0,63,94596.18211855736,SAT,,4.706,
630,121,14,798.729466915,0,79.20713265274763,-1,798.729466915,0.0,2,0.0,63,95394.91158547236,UNSAT,,798.75,
631,74,34,17.3668210506,0,2000.0,-1,17.3668210506,0.0,1,0.0,63,95412.27840652296,SAT,,17.397,
632,122,103,2000.0,0,11.731601681905985,-1,117.70594999999999,0.0,-1,1.0E9,63,95529.98435652297,CRASHED,Run Exceeded Captime -- Treating as CRASHED;Killed Manually,123.901,
633,74,74,7.82585692406,0,2000.0,-1,7.82585692406,0.0,2,0.0,64,95537.81021344702,UNSAT,,7.862,
634,123,116,6.28774809837,0,9.692228481519223,-1,6.28774809837,0.0,1,0.0,64,95544.0979615454,SAT,,6.326,
635,123,57,5.26607108116,0,224.9028360362828,-1,5.26607108116,0.0,1,0.0,64,95549.36403262656,SAT,,5.305,
636,123,152,90.2673840523,0,218.05694334988596,-1,90.2673840523,0.0,1,0.0,64,95639.63141667887,SAT,,90.305,
637,123,107,5.19145703316,0,2000.0,-1,5.19145703316,0.0,1,0.0,64,95644.82287371202,SAT,,5.23,
638,123,21,14.5954301357,0,2000.0,-1,14.5954301357,0.0,2,0.0,64,95659.41830384772,UNSAT,,14.625,
639,123,149,791.427162886,0,2000.0,-1,791.427162886,0.0,1,0.0,64,96450.84546673372,SAT,,791.477,
640,123,39,1801.44618917,0,1611.6656310748042,-1,1801.44618917,0.0,1,0.0,64,98252.29165590373,SAT,,1801.484,
641,74,53,4.29064011574,0,2000.0,-1,4.29064011574,0.0,1,0.0,64,98256.58229601946,SAT,,4.323,
642,124,130,3.95670485497,0,7.461203251379729,-1,3.95670485497,0.0,1,0.0,64,98260.53900087443,SAT,,4.04,
643,124,88,4.14396595955,0,150.4284755218506,-1,4.14396595955,0.0,1,0.0,64,98264.68296683398,SAT,,4.172,
644,124,67,185.439352036,0,145.04132046212555,-1,185.439352036,0.0,2,0.0,64,98450.12231886998,UNSAT,,185.465,
645,74,144,404.169929981,0,2000.0,-1,404.169929981,0.0,1,0.0,65,98854.29224885098,SAT,,404.196,
646,125,122,6.91008901596,0,6.606050383645297,-1,6.91008901596,0.0,1,0.0,65,98861.20233786694,SAT,,9.597,
647,74,114,5.32818293571,0,2000.0,-1,5.32818293571,0.0,1,0.0,65,98866.53052080265,SAT,,5.357,
648,126,133,2000.0,0,8.12115668167472,-1,81.47959999999999,0.0,-1,1.0E9,65,98948.01012080266,CRASHED,Run Exceeded Captime -- Treating as CRASHED;Killed Manually,85.768,
649,74,63,4.57652592659,0,2000.0,-1,4.57652592659,0.0,1,0.0,66,98952.58664672925,SAT,,4.601,
650,127,128,4.12848496437,0,8.10656267066598,-1,4.12848496437,0.0,1,0.0,66,98956.71513169362,SAT,,4.173,
651,127,132,4.90908002853,0,15.87435760383606,-1,4.90908002853,0.0,1,0.0,66,98961.62421172216,SAT,,4.95,
652,127,46,10.2456729412,0,9.492554225373269,-1,10.2456729412,0.0,1,0.0,66,98971.86988466335,SAT,,10.275,
653,74,1,4.76204299927,0,2000.0,-1,4.76204299927,0.0,2,0.0,66,98976.63192766262,UNSAT,,4.805,
654,128,150,111.357136965,0,189.61933002655508,-1,111.357136965,0.0,1,0.0,66,99087.98906462762,SAT,,111.398,
655,128,37,3.76732301712,0,57.62323326279521,-1,3.76732301712,0.0,1,0.0,66,99091.75638764474,SAT,,3.794,
656,128,64,4.89108800888,0,52.72571368922591,-1,4.89108800888,0.0,1,0.0,66,99096.64747565362,SAT,,4.926,
657,128,105,42.2889919281,0,224.19919743050934,-1,42.2889919281,0.0,1,0.0,66,99138.93646758172,SAT,,42.325,
658,128,121,3.48347210884,0,169.22350832109453,-1,3.48347210884,0.0,1,0.0,66,99142.41993969056,SAT,,3.523,
659,128,153,2000.0,0,164.69499421154262,-1,1647.6514999999997,0.0,-1,1.0E9,66,100790.07143969055,CRASHED,Run Exceeded Captime -- Treating as CRASHED;Killed Manually,1734.37,
660,74,146,21.7735919952,0,2000.0,-1,21.7735919952,0.0,1,0.0,67,100811.84503168575,SAT,,21.791,
661,129,75,6.59075212479,0,6.48238508810401,-1,6.59075212479,0.0,2,0.0,67,100818.43578381054,UNSAT,,6.672,
662,74,115,195.306915045,0,2000.0,-1,195.306915045,0.0,1,0.0,67,101013.74269885554,SAT,,195.383,
663,130,67,2000.0,0,143.41464032267334,-1,1434.7964,0.0,-1,1.0E9,67,102448.53909885554,CRASHED,Run Exceeded Captime -- Treating as CRASHED;Killed Manually,1510.312,
664,74,47,17.0884959698,0,2000.0,-1,17.0884959698,0.0,1,0.0,68,102465.62759482535,SAT,,17.134,
665,131,47,36.3936860561,0,23.217645276683573,-1,36.3936860561,0.0,1,0.0,68,102502.02128088144,SAT,,36.467,
666,74,30,113.191631794,0,2000.0,-1,113.191631794,0.0,2,0.0,68,102615.21291267544,UNSAT,,113.213,
667,132,78,4.2917509079,0,6.788203109401465,-1,4.2917509079,0.0,2,0.0,68,102619.50466358334,UNSAT,,4.337,
668,132,39,1801.76484513,0,2000.0,-1,1801.76484513,0.0,1,0.0,68,104421.26950871335,SAT,,1801.803,
669,132,138,4.50406908989,0,13.023584511476756,-1,4.50406908989,0.0,1,0.0,68,104425.77357780324,SAT,,4.65,
670,132,51,25.677323103,0,43.89169997383952,-1,25.677323103,0.0,1,0.0,68,104451.45090090623,SAT,,25.722,
671,132,102,4.4688410759,0,10.511179630059004,-1,4.4688410759,0.0,1,0.0,68,104455.91974198213,SAT,,4.497,
672,132,101,4.90057396889,0,4.701686919081212,-1,4.90057396889,0.0,1,0.0,68,104460.82031595102,SAT,,4.926,
673,74,40,5.25099086761,0,2000.0,-1,5.25099086761,0.0,1,0.0,69,104466.07130681863,SAT,,5.278,
674,133,65,14.2368688583,0,25.453713152903322,-1,14.2368688583,0.0,2,0.0,69,104480.30817567692,UNSAT,,14.311,
675,133,10,5.36228609085,0,34.46257653494477,-1,5.36228609085,0.0,2,0.0,69,104485.67046176778,UNSAT,,5.408,
676,133,17,5.32544898987,0,27.491604432809357,-1,5.32544898987,0.0,2,0.0,69,104490.99591075764,UNSAT,,5.35,
677,133,55,4.39749288559,0,51.341626596051455,-1,4.39749288559,0.0,1,0.0,69,104495.39340364323,SAT,,4.418,
678,133,37,4.1001329422,0,45.624885883527995,-1,4.1001329422,0.0,1,0.0,69,104499.49353658543,SAT,,4.145,
679,133,116,11.7765200138,0,40.29471332986951,-1,11.7765200138,0.0,1,0.0,69,104511.27005659923,SAT,,11.806,
680,133,138,4.95304894447,0,24.985237408775095,-1,4.95304894447,0.0,1,0.0,69,104516.2231055437,SAT,,4.998,
681,133,19,10.6388609409,0,163.02353682776095,-1,10.6388609409,0.0,2,0.0,69,104526.8619664846,UNSAT,,10.686,
682,133,132,4.7970700264,0,149.19301754643323,-1,4.7970700264,0.0,1,0.0,69,104531.659036511,SAT,,4.825,
683,133,38,4.0303940773,0,142.9568261731148,-1,4.0303940773,0.0,1,0.0,69,104535.6894305883,SAT,,4.07,
684,133,76,5.03427600861,0,137.71731349487902,-1,5.03427600861,0.0,2,0.0,69,104540.72370659691,UNSAT,,5.08,
685,133,130,4.63705992699,0,131.1727555360377,-1,4.63705992699,0.0,1,0.0,69,104545.3607665239,SAT,,4.678,
686,133,56,21.569054842,0,125.14457664300801,-1,21.569054842,0.0,1,0.0,69,104566.92982136589,SAT,,21.604,
687,133,123,53.5081171989,0,97.10480569710137,-1,53.5081171989,0.0,1,0.0,69,104620.43793856479,SAT,,53.538,
688,133,110,9.48371696472,0,27.544253774333004,-1,9.48371696472,0.0,1,0.0,69,104629.92165552951,SAT,,9.522,
689,133,77,5.35068893433,0,2000.0,-1,5.35068893433,0.0,2,0.0,69,104635.27234446384,UNSAT,,5.385,
690,133,80,4.89389204979,0,2000.0,-1,4.89389204979,0.0,2,0.0,69,104640.16623651363,UNSAT,,4.928,
691,133,39,1801.68095779,0,2000.0,-1,1801.68095779,0.0,1,0.0,69,106441.84719430363,SAT,,1801.704,
692,133,79,4.85294389725,0,641.8538262027979,-1,4.85294389725,0.0,2,0.0,69,106446.70013820087,UNSAT,,5.005,
693,133,150,20.5161349773,0,635.5449989329755,-1,20.5161349773,0.0,1,0.0,69,106467.21627317817,SAT,,20.547,
694,133,50,3.01854610443,0,608.8740236948908,-1,3.01854610443,0.0,1,0.0,69,106470.2348192826,SAT,,3.039,
695,133,53,3.51255989075,0,604.9499140012741,-1,3.51255989075,0.0,1,0.0,69,106473.74737917335,SAT,,3.541,
696,133,67,657.817615032,0,600.3835867050767,-1,657.817615032,0.0,2,0.0,69,107131.56499420536,UNSAT,,657.849,
697,74,151,157.748249054,0,2000.0,-1,157.748249054,0.0,1,0.0,69,107289.31324325936,SAT,,157.778,
698,134,147,208.214073896,0,172.9818487431586,-1,208.214073896,0.0,1,0.0,69,107497.52731715536,SAT,,208.317,
699,74,140,3.91396808624,0,2000.0,-1,3.91396808624,0.0,1,0.0,70,107501.4412852416,SAT,,3.942,
700,135,30,2000.0,0,148.1517214219749,-1,1482.2755,0.0,-1,1.0E9,70,108983.7167852416,CRASHED,Run Exceeded Captime -- Treating as CRASHED;Killed Manually,1560.29,
701,74,84,81.0346179008,0,2000.0,-1,81.0346179008,0.0,1,0.0,70,109064.7514031424,SAT,,81.07,
702,136,66,1815.32048297,0,227.83070168306233,-1,1815.32048297,0.0,2,0.0,70,110880.0718861124,UNSAT,,1815.386,
703,74,6,7.7083530426,0,2000.0,-1,7.7083530426,0.0,2,0.0,71,110887.780239155,UNSAT,,7.801,
704,137,66,1813.68907905,0,227.83070168306233,-1,1813.68907905,0.0,2,0.0,71,112701.46931820501,UNSAT,,1813.88,
705,74,43,4.1853249073,0,2000.0,-1,4.1853249073,0.0,1,0.0,71,112705.65464311231,SAT,,4.222,
706,138,133,2000.0,0,8.12115668167472,-1,81.7893,0.0,-1,1.0E9,71,112787.44394311232,CRASHED,Run Exceeded Captime -- Treating as CRASHED;Killed Manually,86.094,
707,74,41,6.41210103035,0,2000.0,-1,6.41210103035,0.0,1,0.0,72,112793.85604414267,SAT,,6.434,
708,139,94,4.64831399918,0,6.7333514693856245,-1,4.64831399918,0.0,1,0.0,72,112798.50435814184,SAT,,4.679,
709,74,99,4.01068496704,0,2000.0,-1,4.01068496704,0.0,1,0.0,72,112802.51504310888,SAT,,4.046,
710,140,29,23.4526801109,0,10.513085302311183,-1,23.4526801109,0.0,2,0.0,72,112825.96772321979,UNSAT,,23.492,
711,74,126,4.75078201294,0,2000.0,-1,4.75078201294,0.0,1,0.0,73,112830.71850523273,SAT,,4.774,
712,139,114,5.29175686836,0,7.61848174815178,-1,5.29175686836,0.0,1,0.0,73,112836.01026210109,SAT,,5.321,
713,74,142,3.64699101448,0,2000.0,-1,3.64699101448,0.0,1,0.0,73,112839.65725311557,SAT,,3.68,
714,141,91,5.34989690781,0,6.804125279533864,-1,5.34989690781,0.0,1,0.0,73,112845.00715002338,SAT,,5.382,
715,74,108,4.24467992783,0,2000.0,-1,4.24467992783,0.0,1,0.0,74,112849.2518299512,SAT,,4.269,
716,139,77,5.70050191879,0,8.893560514199734,-1,5.70050191879,0.0,2,0.0,74,112854.95233187,UNSAT,,5.735,
717,139,126,4.75155997276,0,27.016426146376137,-1,4.75155997276,0.0,1,0.0,74,112859.70389184276,SAT,,4.778,
718,139,61,7.96770977974,0,20.839398995387555,-1,7.96770977974,0.0,1,0.0,74,112867.6716016225,SAT,,7.992,
719,139,12,5.55226588249,0,254.36594680731298,-1,5.55226588249,0.0,2,0.0,74,112873.22386750499,UNSAT,,5.581,
720,139,80,4.72917294502,0,247.14800127630235,-1,4.72917294502,0.0,2,0.0,74,112877.95304045001,UNSAT,,4.774,
721,139,76,5.33653378487,0,241.00007739697696,-1,5.33653378487,0.0,2,0.0,74,112883.28957423488,UNSAT,,5.365,
722,139,11,720.432728052,0,234.06258289550544,-1,720.432728052,0.0,2,0.0,74,113603.72230228687,UNSAT,,720.469,
723,74,109,1801.93738604,0,2000.0,-1,1801.93738604,0.0,1,0.0,74,115405.65968832686,SAT,,1801.981,
724,142,125,2000.0,0,8.386191621768475,-1,84.64784999999999,0.0,-1,1.0E9,74,115490.30753832686,CRASHED,Run Exceeded Captime -- Treating as CRASHED;Killed Manually,89.103,
725,74,81,10.5612919331,0,2000.0,-1,10.5612919331,0.0,1,0.0,75,115500.86883025996,SAT,,10.633,
726,143,151,30.9911649227,0,206.07532447983624,-1,30.9911649227,0.0,1,0.0,75,115531.85999518266,SAT,,31.031,
727,143,35,1806.81490302,0,219.07216905464531,-1,1806.81490302,0.0,1,0.0,75,117338.67489820266,SAT,,1806.856,
728,74,154,1912.65357304,0,2000.0,-1,1912.65357304,0.0,1,0.0,75,119251.32847124267,SAT,,1912.715,
729,144,121,4.22308397293,0,6.201516360390187,-1,4.22308397293,0.0,1,0.0,75,119255.5515552156,SAT,,4.328,
730,74,134,8.319024086,0,2000.0,-1,8.319024086,0.0,2,0.0,76,119263.8705793016,UNSAT,,8.343,
731,145,138,4.26660990715,0,9.530513909059763,-1,4.26660990715,0.0,1,0.0,76,119268.13718920875,SAT,,4.302,
732,145,11,1802.25500584,0,233.46767778356673,-1,1802.25500584,0.0,2,0.0,76,121070.39219504874,UNSAT,,1802.275,
733,74,106,5.00457882881,0,2000.0,-1,5.00457882881,0.0,1,0.0,76,121075.39677387755,SAT,,5.05,
734,146,12,6.35379099846,0,8.927977633076907,-1,6.35379099846,0.0,2,0.0,76,121081.75056487601,UNSAT,,6.421,
735,74,15,7.49602508545,0,2000.0,-1,7.49602508545,0.0,2,0.0,77,121089.24658996146,UNSAT,,7.538,
736,147,86,4.65586495399,0,7.211981516677142,-1,4.65586495399,0.0,1,0.0,77,121093.90245491546,SAT,,4.682,
737,147,143,1042.93266296,0,473.626567971307,-1,1042.93266296,0.0,1,0.0,77,122136.83511787545,SAT,,1042.98,
738,74,72,4.31526589394,0,2000.0,-1,4.31526589394,0.0,2,0.0,77,122141.15038376939,UNSAT,,4.352,
739,148,84,2000.0,0,106.34760427137019,-1,1064.32965,0.0,-1,1.0E9,77,123205.48003376939,CRASHED,Run Exceeded Captime -- Treating as CRASHED;Killed Manually,1120.347,
740,74,127,5.13901305199,0,2000.0,-1,5.13901305199,0.0,1,0.0,78,123210.61904682138,SAT,,5.19,
741,149,39,1801.75097704,0,2000.0,-1,1801.75097704,0.0,1,0.0,78,125012.37002386138,SAT,,1801.936,
742,149,89,4.18809103966,0,17.143333133655787,-1,4.18809103966,0.0,1,0.0,78,125016.55811490104,SAT,,4.232,
743,149,40,3.74595308304,0,11.698814191269875,-1,3.74595308304,0.0,1,0.0,78,125020.30406798408,SAT,,3.769,
744,149,83,1132.32419896,0,342.9827163818955,-1,1132.32419896,0.0,1,0.0,78,126152.62826694408,SAT,,1132.362,
745,150,103,2000.0,0,11.731601681905985,-1,117.91685,0.0,-1,1.0E9,78,126270.54511694408,CRASHED,Run Exceeded Captime -- Treating as CRASHED;Killed Manually,124.123,
746,151,101,5.39240503311,0,7.837233309048415,-1,5.39240503311,0.0,1,0.0,79,126275.93752197719,SAT,,5.43,
747,152,96,4.52826094627,0,6.152421690869331,-1,4.52826094627,0.0,1,0.0,79,126280.46578292346,SAT,,4.557,
748,151,59,11.3256189823,0,18.804633792835475,-1,11.3256189823,0.0,1,0.0,79,126291.79140190576,SAT,,11.355,
749,151,18,5.42311692238,0,20.218860533434153,-1,5.42311692238,0.0,2,0.0,79,126297.21451882814,UNSAT,,5.455,
750,151,36,4.15807104111,0,13.168807875710726,-1,4.15807104111,0.0,1,0.0,79,126301.37258986925,SAT,,4.205,
751,151,22,4.56959319115,0,495.1884734336018,-1,4.56959319115,0.0,2,0.0,79,126305.9421830604,UNSAT,,4.601,
752,151,73,5.6211669445,0,489.24800268222685,-1,5.6211669445,0.0,2,0.0,79,126311.5633500049,UNSAT,,5.656,
753,151,143,1801.54443312,0,481.94048571248646,-1,1801.54443312,0.0,1,0.0,79,128113.1077831249,SAT,,1801.577,
754,153,150,92.5107140541,0,189.61933002655508,-1,92.5107140541,0.0,1,0.0,80,128205.61849717899,SAT,,92.539,
755,153,138,5.13848400116,0,84.45212746818663,-1,5.13848400116,0.0,1,0.0,80,128210.75698118015,SAT,,5.206,
756,153,69,4.33107018471,0,77.77209848945141,-1,4.33107018471,0.0,2,0.0,80,128215.08805136486,UNSAT,,4.371,
757,153,68,7.25826501846,0,108.39968154986502,-1,7.25826501846,0.0,2,0.0,80,128222.34631638332,UNSAT,,7.291,
758,153,101,5.04717993736,0,98.96393668686153,-1,5.04717993736,0.0,1,0.0,80,128227.39349632068,SAT,,5.078,
759,153,7,12.0543208122,0,92.40260300074817,-1,12.0543208122,0.0,2,0.0,80,128239.44781713288,UNSAT,,12.092,
760,153,137,4.2645919323,0,76.73198523779512,-1,4.2645919323,0.0,1,0.0,80,128243.71240906518,SAT,,4.29,
761,153,140,4.57701802254,0,162.56312931736113,-1,4.57701802254,0.0,1,0.0,80,128248.28942708772,SAT,,4.606,
762,153,113,2000.0,0,156.6130067113519,-1,1566.2916,0.0,-1,1.0E9,80,129814.58102708771,CRASHED,Run Exceeded Captime -- Treating as CRASHED;Killed Manually,1648.728,
763,154,121,4.42428302765,0,6.201516360390187,-1,4.42428302765,0.0,1,0.0,80,129819.00531011536,SAT,,4.446,
764,155,59,12.4043338299,0,18.978827249604464,-1,12.4043338299,0.0,1,0.0,81,129831.40964394526,SAT,,13.451,
765,155,23,7.26928377151,0,15.869305272001029,-1,7.26928377151,0.0,2,0.0,81,129838.67892771677,UNSAT,,7.313,
766,155,32,5.65836811066,0,6.419236388403178,-1,5.65836811066,0.0,1,0.0,81,129844.33729582743,SAT,,5.686,
767,156,121,4.51057910919,0,6.201516360390187,-1,4.51057910919,0.0,1,0.0,81,129848.84787493662,SAT,,4.55,
768,157,3,5.44551301003,0,9.807779535996914,-1,5.44551301003,0.0,2,0.0,82,129854.29338794664,UNSAT,,5.476,
769,157,23,7.91606593132,0,158.06469310854675,-1,7.91606593132,0.0,2,0.0,82,129862.20945387796,UNSAT,,7.945,
770,157,30,99.2624440193,0,147.7738074850023,-1,99.2624440193,0.0,2,0.0,82,129961.47189789727,UNSAT,,99.288,
771,157,51,22.8495681286,0,57.10588441078663,-1,22.8495681286,0.0,1,0.0,82,129984.32146602587,SAT,,22.9,
772,157,95,4.87027788162,0,27.4014457951963,-1,4.87027788162,0.0,1,0.0,82,129989.19174390749,SAT,,4.905,
773,157,12,6.40077996254,0,21.07008461688757,-1,6.40077996254,0.0,2,0.0,82,129995.59252387003,UNSAT,,6.448,
774,157,69,5.00593900681,0,12.749069638895989,-1,5.00593900681,0.0,2,0.0,82,130000.59846287683,UNSAT,,5.028,
775,157,94,4.26082992554,0,810.5682391565025,-1,4.26082992554,0.0,1,0.0,82,130004.85929280237,SAT,,4.301,
776,157,22,5.06656813622,0,805.0291606116772,-1,5.06656813622,0.0,2,0.0,82,130009.92586093859,UNSAT,,5.104,
777,157,36,8.15941309929,0,798.442622170198,-1,8.15941309929,0.0,1,0.0,82,130018.08527403788,SAT,,8.196,
778,157,31,5.06436610222,0,787.8353852670372,-1,5.06436610222,0.0,2,0.0,82,130023.1496401401,UNSAT,,5.101,
779,157,25,7.02279090881,0,781.2517089660943,-1,7.02279090881,0.0,2,0.0,82,130030.17243104891,UNSAT,,7.063,
780,157,46,18.490197897,0,772.1220811720669,-1,18.490197897,0.0,1,0.0,82,130048.66262894591,SAT,,18.527,
781,157,145,1472.09366894,0,748.08482368325,-1,1472.09366894,0.0,1,0.0,82,131520.7562978859,SAT,,1472.124,
782,158,74,12.9137029648,0,11.176214449453354,-1,12.9137029648,0.0,2,0.0,82,131533.67000085072,UNSAT,,12.956,
783,159,6,2000.0,0,11.023459200161696,-1,114.01805,0.0,-1,1.0E9,83,131647.68805085073,CRASHED,Run Exceeded Captime -- Treating as CRASHED;Killed Manually,120.019,
784,160,60,5.41034388542,0,7.787854120481015,-1,5.41034388542,0.0,1,0.0,83,131653.09839473615,SAT,,5.611,
785,161,76,5.32801103592,0,8.323841996836663,-1,5.32801103592,0.0,2,0.0,84,131658.42640577207,UNSAT,,5.352,
786,161,88,4.73479914665,0,16.206582624810935,-1,4.73479914665,0.0,1,0.0,84,131663.16120491872,SAT,,4.757,
787,161,19,12.3239910603,0,10.05134357919097,-1,12.3239910603,0.0,2,0.0,84,131675.485195979,UNSAT,,12.358,
788,162,9,2000.0,0,26.056872949349884,-1,282.8397,0.0,-1,1.0E9,84,131958.32489597902,CRASHED,Run Exceeded Captime -- Treating as CRASHED;Killed Manually,297.726,
789,160,17,5.12073588371,0,8.338120010095835,-1,5.12073588371,0.0,2,0.0,85,131963.44563186273,UNSAT,,5.165,
790,160,46,13.2729709148,0,56.14870301296115,-1,13.2729709148,0.0,1,0.0,85,131976.71860277755,SAT,,13.296,
791,160,14,404.393468857,0,38.89384082366824,-1,404.393468857,0.0,2,0.0,85,132381.11207163453,UNSAT,,404.427,
792,163,121,5.37417984009,0,6.201516360390187,-1,5.37417984009,0.0,1,0.0,85,132386.48625147462,SAT,,5.399,
793,164,35,2000.0,0,47.66453633864522,-1,477.57449999999994,0.0,-1,1.0E9,86,132864.0607514746,CRASHED,Run Exceeded Captime -- Treating as CRASHED;Killed Manually,502.71,
794,165,8,37.1316080093,0,11.009330105382205,-1,37.1316080093,0.0,2,0.0,86,132901.19235948392,UNSAT,,37.179,
795,166,61,2000.0,0,20.35750242729783,-1,204.5635,0.0,-1,1.0E9,87,133105.7558594839,CRASHED,Run Exceeded Captime -- Treating as CRASHED;Killed Manually,215.33,
796,167,77,4.65873980522,0,9.155664302754403,-1,4.65873980522,0.0,2,0.0,87,133110.41459928913,UNSAT,,4.718,
797,167,126,16.3288648129,0,14.732672263282538,-1,16.3288648129,0.0,1,0.0,87,133126.74346410204,SAT,,16.382,
798,168,6,2000.0,0,11.023459200161696,-1,110.75004999999999,0.0,-1,1.0E9,88,133237.49351410204,CRASHED,Run Exceeded Captime -- Treating as CRASHED;Killed Manually,116.579,
799,169,73,4.74061512947,0,6.71009839360714,-1,4.74061512947,0.0,2,0.0,88,133242.2341292315,UNSAT,,4.775,
800,170,124,5.24774098396,0,6.6049764755845075,-1,5.24774098396,0.0,1,0.0,89,133247.48187021547,SAT,,5.287,
801,171,57,5.34625196457,0,6.910011161464453,-1,5.34625196457,0.0,1,0.0,89,133252.82812218004,SAT,,5.386,
802,172,95,4.98893809319,0,6.9174183424294,-1,4.98893809319,0.0,1,0.0,89,133257.81706027323,SAT,,5.025,
803,173,79,5.96500515938,0,7.534923952418566,-1,5.96500515938,0.0,2,0.0,89,133263.7820654326,UNSAT,,6.004,
804,172,151,106.894648075,0,205.50582268123628,-1,106.894648075,0.0,1,0.0,89,133370.6767135076,SAT,,106.933,
805,172,16,7.31674098969,0,81.43242512677908,-1,7.31674098969,0.0,2,0.0,89,133377.99345449728,UNSAT,,7.391,
806,172,33,7.38079595566,0,71.92066161741614,-1,7.38079595566,0.0,1,0.0,89,133385.37425045294,SAT,,7.415,
807,172,43,7.84070110321,0,498.5097284320473,-1,7.84070110321,0.0,1,0.0,89,133393.21495155615,SAT,,7.876,
808,172,11,1803.45119095,0,488.31681785022016,-1,1803.45119095,0.0,2,0.0,89,135196.66614250615,UNSAT,,1803.482,
809,174,126,19.4738600254,0,7.178617723631859,-1,19.4738600254,0.0,1,0.0,90,135216.14000253155,SAT,,19.523,
810,175,101,2000.0,0,7.837233309048415,-1,78.9146,0.0,-1,1.0E9,90,135295.05460253154,CRASHED,Run Exceeded Captime -- Treating as CRASHED;Killed Manually,83.068,
811,176,45,9.69226813316,0,9.3260403614223,-1,9.69226813316,0.0,1,0.0,91,135304.7468706647,SAT,,9.733,
812,177,138,25.144436121,0,9.530513909059763,-1,25.144436121,0.0,1,0.0,91,135329.8913067857,SAT,,25.172,
813,174,112,0.0,1,0.0,-1,0.0,0.0,0,0.0,92,135329.8913067857,TIMEOUT,Processed by ca.ubc.cs.beta.aeatk.targetalgorithmevaluator.decorators.helpers.CompleteZeroSecondCutoffRunsTargetAlgorithmEvaluatorDecorator,0.0,
814,178,116,31.8377449512,0,9.692228481519223,-1,31.8377449512,0.0,1,0.0,92,135361.72905173688,SAT,,31.884,
815,174,35,2000.0,0,35.946897872138024,-1,359.72225,0.0,-1,1.0E9,93,135721.45130173687,CRASHED,Run Exceeded Captime -- Treating as CRASHED;Killed Manually,378.655,
816,179,153,12.2822799683,0,122.6699110943556,-1,12.2822799683,0.0,1,0.0,93,135733.73358170516,SAT,,12.304,
817,179,105,2000.0,0,145.75748517026307,-1,1458.34785,0.0,-1,1.0E9,93,137192.08143170516,CRASHED,Run Exceeded Captime -- Treating as CRASHED;Killed Manually,1535.103,
818,180,102,4.89199209213,0,7.623423904526234,-1,4.89199209213,0.0,1,0.0,94,137196.9734237973,SAT,,4.924,
819,180,29,15.8304860592,0,16.23167115111947,-1,15.8304860592,0.0,2,0.0,94,137212.80390985648,UNSAT,,15.855,
820,181,38,4.31523299217,0,6.834304880696536,-1,4.31523299217,0.0,1,0.0,94,137217.11914284865,SAT,,4.35,
821,181,4,267.007132053,0,2000.0,-1,267.007132053,0.0,2,0.0,94,137484.12627490165,UNSAT,,267.039,
822,181,109,426.053951025,0,2000.0,-1,426.053951025,0.0,1,0.0,94,137910.18022592666,SAT,,426.125,
823,181,107,15.467457056,0,1494.5737994167687,-1,15.467457056,0.0,1,0.0,94,137925.64768298264,SAT,,15.538,
824,181,70,5.1556520462,0,1474.4661047015072,-1,5.1556520462,0.0,2,0.0,94,137930.80333502885,UNSAT,,5.229,
825,181,22,5.93833899498,0,1467.7637573223294,-1,5.93833899498,0.0,2,0.0,94,137936.74167402383,UNSAT,,5.961,
826,181,62,4.4081838131,0,1460.0439165610553,-1,4.4081838131,0.0,1,0.0,94,137941.14985783692,SAT,,4.46,
827,181,147,1801.39801311,0,2000.0,-1,1801.39801311,0.0,1,0.0,94,139742.54787094693,SAT,,1801.428,
828,182,55,4.00029492378,0,8.266830433505774,-1,4.00029492378,0.0,1,0.0,95,139746.5481658707,SAT,,4.019,
829,182,52,4.15387487411,0,17.45309567858577,-1,4.15387487411,0.0,1,0.0,95,139750.70204074483,SAT,,4.196,
830,182,23,4.66914200783,0,12.05305856500864,-1,4.66914200783,0.0,2,0.0,95,139755.37118275266,UNSAT,,4.703,
831,182,42,277.947088957,0,227.46749193255903,-1,277.947088957,0.0,1,0.0,95,140033.31827170966,SAT,,277.975,
832,183,108,2000.0,0,6.520684983927012,-1,66.10385,0.0,-1,1.0E9,95,140099.42212170968,CRASHED,Run Exceeded Captime -- Treating as CRASHED;Killed Manually,69.583,
833,184,152,74.4482700825,0,218.47726999630333,-1,74.4482700825,0.0,1,0.0,96,140173.87039179218,SAT,,74.486,
834,184,38,4.60419797897,0,134.06131760065557,-1,4.60419797897,0.0,1,0.0,96,140178.47458977115,SAT,,4.628,
835,184,56,6.09056687355,0,128.07586015050413,-1,6.09056687355,0.0,1,0.0,96,140184.5651566447,SAT,,6.13,
836,184,11,584.772218943,0,440.68661144782897,-1,584.772218943,0.0,2,0.0,96,140769.3373755877,UNSAT,,584.808,
837,185,52,4.52692294121,0,7.202289708304406,-1,4.52692294121,0.0,1,0.0,96,140773.8642985289,SAT,,4.598,
838,185,111,4.84114480019,0,16.35693338547945,-1,4.84114480019,0.0,1,0.0,96,140778.7054433291,SAT,,4.881,
839,185,17,5.88698101044,0,10.063444719064236,-1,5.88698101044,0.0,2,0.0,96,140784.59242433953,UNSAT,,5.905,
840,185,86,13.7129209042,0,29.022077180790905,-1,13.7129209042,0.0,1,0.0,96,140798.30534524372,SAT,,13.747,
841,185,125,31.8198299408,0,11.195279647010565,-1,31.8198299408,0.0,1,0.0,96,140830.1251751845,SAT,,31.845,
842,186,84,214.759464979,0,106.34760427137019,-1,214.759464979,0.0,1,0.0,97,141044.8846401635,SAT,,214.821,
843,187,18,6.46985387802,0,9.29572273825407,-1,6.46985387802,0.0,2,0.0,97,141051.35449404153,UNSAT,,6.51,
844,188,94,4.69323897362,0,6.7333514693856245,-1,4.69323897362,0.0,1,0.0,98,141056.04773301515,SAT,,4.728,
845,189,86,5.05521607399,0,7.211981516677142,-1,5.05521607399,0.0,1,0.0,98,141061.10294908914,SAT,,5.088,
846,190,67,182.761150122,0,143.41464032267334,-1,182.761150122,0.0,2,0.0,98,141243.86409921115,UNSAT,,182.806,
847,191,117,6.67608904839,0,7.995345991450549,-1,6.67608904839,0.0,1,0.0,99,141250.54018825953,SAT,,6.711,
848,192,13,6.51704001427,0,8.97442567010522,-1,6.51704001427,0.0,2,0.0,99,141257.0572282738,UNSAT,,6.556,
849,188,118,4.77505302429,0,6.921675231653452,-1,4.77505302429,0.0,1,0.0,99,141261.8322812981,SAT,,4.799,
850,193,150,116.565806866,0,189.61933002655508,-1,116.565806866,0.0,1,0.0,99,141378.3980881641,SAT,,116.59,
851,193,37,4.81725406647,0,298.2715071070671,-1,4.81725406647,0.0,1,0.0,99,141383.21534223057,SAT,,4.851,
852,193,115,6.3603219986,0,292.00907581334116,-1,6.3603219986,0.0,1,0.0,99,141389.57566422917,SAT,,6.409,
853,193,20,5.62703609467,0,323.0245842490077,-1,5.62703609467,0.0,2,0.0,99,141395.20270032383,UNSAT,,5.653,
854,193,137,4.19220089912,0,315.70943732594253,-1,4.19220089912,0.0,1,0.0,99,141399.39490122296,SAT,,4.22,
855,193,45,16.789675951,0,310.25957668979765,-1,16.789675951,0.0,1,0.0,99,141416.18457717396,SAT,,16.835,
856,193,51,25.375975132,0,288.4329970817745,-1,25.375975132,0.0,1,0.0,99,141441.56055230595,SAT,,25.41,
857,193,23,7.9931499958,0,2000.0,-1,7.9931499958,0.0,2,0.0,99,141449.55370230175,UNSAT,,8.038,
858,193,8,30.5212330818,0,2000.0,-1,30.5212330818,0.0,2,0.0,99,141480.07493538354,UNSAT,,30.558,
859,193,100,8.33415794373,0,2000.0,-1,8.33415794373,0.0,2,0.0,99,141488.40909332727,UNSAT,,8.366,
860,193,47,5.61569404602,0,2000.0,-1,5.61569404602,0.0,1,0.0,99,141494.0247873733,SAT,,5.655,
861,193,144,42.8642389774,0,2000.0,-1,42.8642389774,0.0,1,0.0,99,141536.8890263507,SAT,,42.901,
862,193,109,1801.68907404,0,2000.0,-1,1801.68907404,0.0,1,0.0,99,143338.5781003907,SAT,,1801.733,
863,193,58,6.19414401054,0,719.4887405153096,-1,6.19414401054,0.0,1,0.0,99,143344.77224440125,SAT,,6.229,
864,193,88,4.65192103386,0,711.4363538924337,-1,4.65192103386,0.0,1,0.0,99,143349.4241654351,SAT,,4.678,
865,193,76,5.47049021721,0,844.4114685881615,-1,5.47049021721,0.0,2,0.0,99,143354.89465565232,UNSAT,,5.505,
866,193,138,4.4834151268,0,837.2998314801335,-1,4.4834151268,0.0,1,0.0,99,143359.37807077912,SAT,,4.525,
867,193,87,5.52594900131,0,831.4713910113752,-1,5.52594900131,0.0,1,0.0,99,143364.90401978043,SAT,,5.55,
868,193,61,1801.751055,0,824.2876579876721,-1,1801.751055,0.0,1,0.0,99,145166.65507478043,SAT,,1801.798,
869,194,148,12.3193199635,0,6.966492429721356,-1,12.3193199635,0.0,1,0.0,100,145178.97439474394,SAT,,12.358,
870,195,139,4.72614693642,0,6.457353465604783,-1,4.72614693642,0.0,1,0.0,100,145183.70054168036,SAT,,4.924,
871,194,13,0.0,1,0.0,-1,0.0,0.0,0,0.0,100,145183.70054168036,TIMEOUT,Processed by ca.ubc.cs.beta.aeatk.targetalgorithmevaluator.decorators.helpers.CompleteZeroSecondCutoffRunsTargetAlgorithmEvaluatorDecorator,0.0,
872,196,146,64.3471989632,0,29.308270652192835,-1,64.3471989632,0.0,1,0.0,100,145248.04774064355,SAT,,64.381,
873,197,122,4.42767906189,0,6.606050383645297,-1,4.42767906189,0.0,1,0.0,101,145252.47541970544,SAT,,4.471,
874,198,145,16.4457879066,0,750.5611745532334,-1,16.4457879066,0.0,1,0.0,101,145268.92120761203,SAT,,16.475,
875,198,19,7.14170217514,0,786.1952843036235,-1,7.14170217514,0.0,2,0.0,101,145276.06290978717,UNSAT,,7.168,
876,198,14,145.147624016,0,776.9110718633711,-1,145.147624016,0.0,2,0.0,101,145421.21053380318,UNSAT,,145.184,
877,198,18,6.11992907524,0,617.5654752071679,-1,6.11992907524,0.0,2,0.0,101,145427.33046287842,UNSAT,,6.158,
878,198,86,4.59817790985,0,609.6095671768963,-1,4.59817790985,0.0,1,0.0,101,145431.92864078828,SAT,,4.626,
879,198,133,8.37242913246,0,603.6319358166039,-1,8.37242913246,0.0,1,0.0,101,145440.30106992074,SAT,,8.42,
880,198,22,5.91851902008,0,592.7477783415198,-1,5.91851902008,0.0,2,0.0,101,145446.21958894082,UNSAT,,5.954,
881,198,122,4.07837700844,0,856.3588628437102,-1,4.07837700844,0.0,1,0.0,101,145450.29796594926,SAT,,4.101,
882,198,140,4.61882996559,0,851.0569726939976,-1,4.61882996559,0.0,1,0.0,101,145454.91679591485,SAT,,4.651,
883,198,28,7.52179193497,0,845.0524936321855,-1,7.52179193497,0.0,2,0.0,101,145462.4385878498,UNSAT,,7.56,
884,198,53,4.54561185837,0,835.2741636227548,-1,4.54561185837,0.0,1,0.0,101,145466.98419970818,SAT,,4.578,
885,198,2,721.188884974,0,829.3648688945651,-1,721.188884974,0.0,2,0.0,101,146188.17308468217,UNSAT,,721.23,
886,199,154,1651.14528394,0,2000.0,-1,1651.14528394,0.0,1,0.0,102,147839.31836862216,SAT,,1651.18,
887,199,15,6.73856306076,0,398.61163700779076,-1,6.73856306076,0.0,2,0.0,102,147846.05693168292,UNSAT,,6.809,
888,199,14,295.379792929,0,389.85150501911636,-1,295.379792929,0.0,2,0.0,102,148141.4367246119,UNSAT,,295.425,
889,199,36,5.72541213036,0,32.945054851818085,-1,5.72541213036,0.0,1,0.0,102,148147.16213674226,SAT,,5.753,
890,199,124,4.47472810745,0,25.502018433409933,-1,4.47472810745,0.0,1,0.0,102,148151.63686484972,SAT,,4.499,
891,199,24,5.94754004478,0,19.68487276543975,-1,5.94754004478,0.0,2,0.0,102,148157.5844048945,UNSAT,,5.983,
892,199,118,4.86326909065,0,11.953070097017289,-1,4.86326909065,0.0,1,0.0,102,148162.44767398515,SAT,,4.896,
893,199,129,4.08918595314,0,486.08770071377154,-1,4.08918595314,0.0,1,0.0,102,148166.5368599383,SAT,,4.121,
894,199,76,5.86460185051,0,480.7717589553177,-1,5.86460185051,0.0,2,0.0,102,148172.4014617888,UNSAT,,5.905,
895,199,150,401.487169027,0,473.14777689834233,-1,401.487169027,0.0,1,0.0,102,148573.8886308158,SAT,,401.511,
896,200,84,723.356705904,0,106.34760427137019,-1,723.356705904,0.0,1,0.0,102,149297.24533671982,SAT,,723.417,
897,201,56,6.15324020386,0,7.53509587456584,-1,6.15324020386,0.0,1,0.0,103,149303.39857692368,SAT,,6.183,
898,202,19,6.06122398376,0,10.112806957560778,-1,6.06122398376,0.0,2,0.0,103,149309.45980090744,UNSAT,,6.102,
899,202,40,5.12925601006,0,14.79285470058322,-1,5.12925601006,0.0,1,0.0,103,149314.5890569175,SAT,,5.159,
900,202,94,4.15229392052,0,8.124822739857436,-1,4.15229392052,0.0,1,0.0,103,149318.741350838,SAT,,4.176,
901,202,16,5.79497098923,0,34.10948476602435,-1,5.79497098923,0.0,2,0.0,103,149324.53632182724,UNSAT,,5.817,
902,202,13,2000.0,0,26.576022141027455,-1,266.59755,0.0,-1,1.0E9,103,149591.13387182725,CRASHED,Run Exceeded Captime -- Treating as CRASHED;Killed Manually,280.629,
903,203,99,3.54902911186,0,6.216490537273884,-1,3.54902911186,0.0,1,0.0,104,149594.6829009391,SAT,,3.591,
904,203,120,182.225665092,0,438.2896389703929,-1,182.225665092,0.0,1,0.0,104,149776.9085660311,SAT,,182.262,
905,203,26,5.94153690338,0,201.39627436955573,-1,5.94153690338,0.0,2,0.0,104,149782.8501029345,UNSAT,,5.959,
906,203,118,5.58253788948,0,226.2938436012447,-1,5.58253788948,0.0,1,0.0,104,149788.43264082397,SAT,,5.626,
907,203,27,7.47197198868,0,219.03654363785984,-1,7.47197198868,0.0,2,0.0,104,149795.90461281265,UNSAT,,7.511,
908,203,108,5.63238692284,0,209.3229798491776,-1,5.63238692284,0.0,1,0.0,104,149801.5369997355,SAT,,5.677,
909,203,141,4.66591691971,0,202.0008773434639,-1,4.66591691971,0.0,1,0.0,104,149806.2029166552,SAT,,4.694,
910,203,84,390.440833092,0,528.8328494768322,-1,390.440833092,0.0,1,0.0,104,150196.6437497472,SAT,,390.485,
911,203,134,6.40857315063,0,21.259766806262732,-1,6.40857315063,0.0,2,0.0,104,150203.05232289783,UNSAT,,6.435,
912,203,7,124.36759901,0,12.928621739494801,-1,124.36759901,0.0,2,0.0,104,150327.41992190783,UNSAT,,124.406,
913,204,21,5.36131715775,0,11.29743045975566,-1,5.36131715775,0.0,2,0.0,104,150332.78123906557,UNSAT,,5.39,
914,204,6,7.62550401688,0,46.62791964446306,-1,7.62550401688,0.0,2,0.0,104,150340.40674308245,UNSAT,,7.664,
915,204,105,34.2090959549,0,36.71476392855048,-1,34.2090959549,0.0,1,0.0,104,150374.61583903735,SAT,,34.242,
916,205,49,20.1657779217,0,6.978231564509869,-1,20.1657779217,0.0,1,0.0,105,150394.78161695905,SAT,,22.393,
917,206,31,5.07121300697,0,8.474306565123797,-1,5.07121300697,0.0,2,0.0,105,150399.85282996602,UNSAT,,5.1,
918,206,121,4.09848999977,0,14.925053146082163,-1,4.09848999977,0.0,1,0.0,105,150403.9513199658,SAT,,4.124,
919,206,36,7.51675891876,0,9.597016301351786,-1,7.51675891876,0.0,1,0.0,105,150411.46807888456,SAT,,7.555,
920,207,37,4.35261106491,0,7.2887362803995615,-1,4.35261106491,0.0,1,0.0,106,150415.82068994947,SAT,,4.38,
921,207,97,4.09458589554,0,12.828980747956038,-1,4.09458589554,0.0,1,0.0,106,150419.915275845,SAT,,4.119,
922,207,119,4.53671813011,0,7.506018028008938,-1,4.53671813011,0.0,1,0.0,106,150424.45199397512,SAT,,4.57,
923,207,26,11.3656859398,0,365.74980336089726,-1,11.3656859398,0.0,2,0.0,106,150435.8176799149,UNSAT,,11.405,
924,207,30,104.796187878,0,350.97441085462566,-1,104.796187878,0.0,2,0.0,106,150540.6138677929,UNSAT,,104.859,
925,207,140,4.06952285767,0,214.73936651681663,-1,4.06952285767,0.0,1,0.0,106,150544.68339065058,SAT,,4.097,
926,207,151,275.821439028,0,209.448986675936,-1,275.821439028,0.0,1,0.0,106,150820.50482967857,SAT,,275.861,
927,208,135,3.22665691376,0,6.392471015799046,-1,3.22665691376,0.0,1,0.0,106,150823.73148659233,SAT,,3.269,
928,208,62,3.17731809616,0,13.955822669315339,-1,3.17731809616,0.0,1,0.0,106,150826.9088046885,SAT,,3.219,
929,208,131,4.28212308884,0,9.82530954142213,-1,4.28212308884,0.0,1,0.0,106,150831.19092777732,SAT,,4.321,
930,208,32,4.4487490654,0,2000.0,-1,4.4487490654,0.0,1,0.0,106,150835.63967684272,SAT,,4.472,
931,208,99,3.16014409065,0,2000.0,-1,3.16014409065,0.0,1,0.0,106,150838.79982093337,SAT,,3.194,
932,208,93,203.612689972,0,2000.0,-1,203.612689972,0.0,1,0.0,106,151042.4125109054,SAT,,203.643,
933,208,154,1022.38506007,0,2000.0,-1,1022.38506007,0.0,1,0.0,106,152064.79757097538,SAT,,1022.415,
934,208,150,29.245223999,0,2000.0,-1,29.245223999,0.0,1,0.0,106,152094.04279497438,SAT,,29.284,
935,208,76,4.40425610542,0,2000.0,-1,4.40425610542,0.0,2,0.0,106,152098.4470510798,UNSAT,,4.447,
936,208,90,3.61240315437,0,2000.0,-1,3.61240315437,0.0,1,0.0,106,152102.05945423417,SAT,,3.643,
937,208,20,4.06604003906,0,2000.0,-1,4.06604003906,0.0,2,0.0,106,152106.12549427323,UNSAT,,4.095,
938,208,109,68.9657399654,0,2000.0,-1,68.9657399654,0.0,1,0.0,106,152175.09123423864,SAT,,69.009,
939,208,149,21.7727248669,0,2000.0,-1,21.7727248669,0.0,1,0.0,106,152196.86395910554,SAT,,21.807,
940,208,121,4.05775904655,0,2000.0,-1,4.05775904655,0.0,1,0.0,106,152200.9217181521,SAT,,4.097,
941,208,24,4.70101594925,0,2000.0,-1,4.70101594925,0.0,2,0.0,106,152205.62273410134,UNSAT,,4.729,
942,208,122,4.39508509636,0,2000.0,-1,4.39508509636,0.0,1,0.0,106,152210.0178191977,SAT,,4.436,
943,208,30,1801.4313302,0,2000.0,-1,1801.4313302,0.0,2,0.0,106,154011.4491493977,UNSAT,,1801.47,
944,208,136,4.05218601227,0,1407.4512863423408,-1,4.05218601227,0.0,1,0.0,106,154015.50133540996,SAT,,4.097,
945,208,85,5.6959130764,0,1402.183445252824,-1,5.6959130764,0.0,1,0.0,106,154021.19724848637,SAT,,5.738,
946,208,79,3.9484500885,0,1394.7787571590127,-1,3.9484500885,0.0,2,0.0,106,154025.14569857487,UNSAT,,3.973,
947,208,68,5.95235896111,0,1389.6457720439614,-1,5.95235896111,0.0,2,0.0,106,154031.09805753597,UNSAT,,5.986,
948,208,8,245.30491209,0,1381.907706324357,-1,245.30491209,0.0,2,0.0,106,154276.40296962598,UNSAT,,245.347,
949,208,63,3.80676198006,0,1063.0113202970206,-1,3.80676198006,0.0,1,0.0,106,154280.20973160604,SAT,,3.844,
950,208,49,11.7767860889,0,1058.0625291805445,-1,11.7767860889,0.0,1,0.0,106,154291.98651769495,SAT,,11.81,
951,208,22,3.78612494469,0,1042.7527082044362,-1,3.78612494469,0.0,2,0.0,106,154295.77264263964,UNSAT,,3.82,
952,208,42,7.81237101555,0,1037.8307454179703,-1,7.81237101555,0.0,1,0.0,106,154303.5850136552,SAT,,7.843,
953,208,148,177.019353151,0,1027.6746624972402,-1,177.019353151,0.0,1,0.0,106,154480.6043668062,SAT,,177.06,
954,208,44,4.83991909027,0,797.5495035651803,-1,4.83991909027,0.0,1,0.0,106,154485.44428589646,SAT,,4.875,
955,208,57,3.94606089592,0,791.2576094161451,-1,3.94606089592,0.0,1,0.0,106,154489.39034679238,SAT,,3.978,
956,208,87,5.80391788483,0,786.1277297962189,-1,5.80391788483,0.0,1,0.0,106,154495.1942646772,SAT,,5.827,
957,208,98,3.17896819115,0,778.5826370011747,-1,3.17896819115,0.0,1,0.0,106,154498.37323286835,SAT,,3.215,
958,208,64,4.77732086182,0,2000.0,-1,4.77732086182,0.0,1,0.0,106,154503.15055373017,SAT,,4.799,
959,208,40,6.1870598793,0,2000.0,-1,6.1870598793,0.0,1,0.0,106,154509.33761360947,SAT,,6.209,
960,208,80,3.92025899887,0,2000.0,-1,3.92025899887,0.0,2,0.0,106,154513.25787260834,UNSAT,,3.949,
961,208,25,4.21391201019,0,2000.0,-1,4.21391201019,0.0,2,0.0,106,154517.47178461854,UNSAT,,4.247,
962,208,17,4.67319393158,0,2000.0,-1,4.67319393158,0.0,2,0.0,106,154522.14497855012,UNSAT,,4.713,
963,208,38,3.72789716721,0,2000.0,-1,3.72789716721,0.0,1,0.0,106,154525.87287571732,SAT,,3.773,
964,208,86,12.0252599716,0,2000.0,-1,12.0252599716,0.0,1,0.0,106,154537.8981356889,SAT,,12.052,
965,208,141,8.1509308815,0,2000.0,-1,8.1509308815,0.0,1,0.0,106,154546.0490665704,SAT,,8.19,
966,208,70,3.70052909851,0,2000.0,-1,3.70052909851,0.0,2,0.0,106,154549.74959566892,UNSAT,,3.746,
967,208,124,4.33481001854,0,2000.0,-1,4.33481001854,0.0,1,0.0,106,154554.08440568746,SAT,,4.371,
968,208,67,142.163429976,0,2000.0,-1,142.163429976,0.0,2,0.0,106,154696.24783566347,UNSAT,,142.181,
969,208,156,1098.87624693,0,2000.0,-1,1098.87624693,0.0,2,0.0,106,155795.12408259348,UNSAT,,1098.919,
970,208,151,24.7960250378,0,2000.0,-1,24.7960250378,0.0,1,0.0,106,155819.92010763127,SAT,,24.825,
971,208,101,5.35788393021,0,2000.0,-1,5.35788393021,0.0,1,0.0,106,155825.27799156148,SAT,,5.405,
972,208,59,51.5375781059,0,2000.0,-1,51.5375781059,0.0,1,0.0,106,155876.81556966738,SAT,,51.565,
973,208,83,103.111069918,0,2000.0,-1,103.111069918,0.0,1,0.0,106,155979.92663958538,SAT,,103.147,
974,208,108,5.40442085266,0,2000.0,-1,5.40442085266,0.0,1,0.0,106,155985.33106043804,SAT,,5.425,
975,208,125,7.28323411942,0,2000.0,-1,7.28323411942,0.0,1,0.0,106,155992.61429455745,SAT,,7.31,
976,208,23,5.15112495422,0,2000.0,-1,5.15112495422,0.0,2,0.0,106,155997.76541951168,UNSAT,,5.177,
977,208,9,79.7049849033,0,2000.0,-1,79.7049849033,0.0,2,0.0,106,156077.47040441498,UNSAT,,79.732,
978,208,112,44.2226529121,0,2000.0,-1,44.2226529121,0.0,1,0.0,106,156121.6930573271,SAT,,44.253,
979,208,142,415.40273881,0,2000.0,-1,415.40273881,0.0,1,0.0,106,156537.0957961371,SAT,,415.444,
980,208,82,240.058495045,0,2000.0,-1,240.058495045,0.0,1,0.0,106,156777.1542911821,SAT,,240.082,
981,208,19,9.94917607307,0,2000.0,-1,9.94917607307,0.0,2,0.0,106,156787.10346725516,UNSAT,,9.99,
982,208,143,46.6710882187,0,2000.0,-1,46.6710882187,0.0,1,0.0,106,156833.77455547385,SAT,,46.692,
983,208,13,3.90311717987,0,2000.0,-1,3.90311717987,0.0,2,0.0,106,156837.67767265372,UNSAT,,3.919,
984,208,129,3.64113306999,0,2000.0,-1,3.64113306999,0.0,1,0.0,106,156841.3188057237,SAT,,3.668,
985,208,69,15.9972598553,0,2000.0,-1,15.9972598553,0.0,2,0.0,106,156857.316065579,UNSAT,,16.041,
986,208,120,1801.70265579,0,2000.0,-1,1801.70265579,0.0,1,0.0,106,158659.018721369,SAT,,1801.725,
987,209,102,4.45113515854,0,7.623423904526234,-1,4.45113515854,0.0,1,0.0,107,158663.46985652755,SAT,,4.473,
988,209,98,3.60981988907,0,15.73729085584283,-1,3.60981988907,0.0,1,0.0,107,158667.07967641662,SAT,,3.648,
989,209,29,12.1850390434,0,11.044524506080151,-1,12.1850390434,0.0,2,0.0,107,158679.26471546,UNSAT,,12.216,
990,210,6,6.54484200478,0,11.023459200161696,-1,6.54484200478,0.0,2,0.0,107,158685.8095574648,UNSAT,,6.582,
991,210,120,1328.17013502,0,438.44180702080126,-1,1328.17013502,0.0,1,0.0,107,160013.97969248478,SAT,,1328.209,
992,211,31,5.31941795349,0,8.474306565123797,-1,5.31941795349,0.0,2,0.0,108,160019.29911043827,UNSAT,,5.351,
993,211,99,4.0857629776,0,12.293636974292994,-1,4.0857629776,0.0,1,0.0,108,160023.38487341587,SAT,,4.126,
994,211,108,5.80995297432,0,6.9821458201587205,-1,5.80995297432,0.0,1,0.0,108,160029.1948263902,SAT,,5.855,
995,212,24,4.76791810989,0,8.352262422788144,-1,4.76791810989,0.0,2,0.0,108,160033.96274450008,UNSAT,,4.797,
996,212,155,140.712059975,0,146.12124821950795,-1,140.712059975,0.0,2,0.0,108,160174.67480447507,UNSAT,,140.746,
997,213,88,4.35843086243,0,6.698950089859963,-1,4.35843086243,0.0,1,0.0,109,160179.0332353375,SAT,,4.399,
998,213,41,23.1871578693,0,156.52044237439634,-1,23.1871578693,0.0,1,0.0,109,160202.2203932068,SAT,,23.227,
999,213,30,102.408795118,0,126.37713736702801,-1,102.408795118,0.0,2,0.0,109,160304.62918832482,UNSAT,,102.455,
1000,214,151,140.825155973,0,206.07532447983624,-1,140.825155973,0.0,1,0.0,109,160445.45434429782,SAT,,140.861,
1001,214,77,5.97826814651,0,39.4817249741137,-1,5.97826814651,0.0,2,0.0,109,160451.43261244433,UNSAT,,6.005,
1002,214,45,14.6013259888,0,31.709975831556324,-1,14.6013259888,0.0,1,0.0,109,160466.03393843313,SAT,,14.62,
1003,214,147,130.37451005,0,396.48751224239464,-1,130.37451005,0.0,1,0.0,109,160596.40844848313,SAT,,130.416,
1004,214,110,9.66298079491,0,227.00064823811056,-1,9.66298079491,0.0,1,0.0,109,160606.07142927803,SAT,,9.692,
1005,214,150,341.946321964,0,214.43877396022083,-1,341.946321964,0.0,1,0.0,109,160948.01775124203,SAT,,341.979,
1006,215,156,1917.63083291,0,2000.0,-1,1917.63083291,0.0,2,0.0,110,162865.64858415205,UNSAT,,1917.659,
1007,216,64,4.77297091484,0,7.482045784938336,-1,4.77297091484,0.0,1,0.0,110,162870.4215550669,SAT,,4.809,
1008,216,116,72.6086859703,0,20.286424726593495,-1,72.6086859703,0.0,1,0.0,110,162943.0302410372,SAT,,72.642,
1009,217,107,59.3666529655,0,8.136300359266997,-1,59.3666529655,0.0,1,0.0,111,163002.39689400268,SAT,,59.396,
1010,218,59,12.2146239281,0,18.978827249604464,-1,12.2146239281,0.0,1,0.0,111,163014.61151793078,SAT,,12.259,
1011,218,138,5.04572606087,0,17.839711055505276,-1,5.04572606087,0.0,1,0.0,111,163019.65724399165,SAT,,5.088,
1012,218,86,5.22218108177,0,11.280267302292586,-1,5.22218108177,0.0,1,0.0,111,163024.87942507342,SAT,,5.25,
1013,218,117,6.13427090645,0,437.1598368402302,-1,6.13427090645,0.0,1,0.0,111,163031.01369597987,SAT,,6.18,
1014,218,82,1822.57586503,0,429.1852849427342,-1,1822.57586503,0.0,1,0.0,111,164853.58956100987,SAT,,1822.612,
1015,219,54,6.94915413857,0,10.883277271288634,-1,6.94915413857,0.0,1,0.0,112,164860.53871514843,SAT,,6.98,
1016,219,6,7.28781890869,0,2000.0,-1,7.28781890869,0.0,2,0.0,112,164867.82653405712,UNSAT,,7.314,
1017,219,156,1697.93443704,0,2000.0,-1,1697.93443704,0.0,2,0.0,112,166565.76097109713,UNSAT,,1697.981,
1018,219,126,5.25523090363,0,441.0827794003963,-1,5.25523090363,0.0,1,0.0,112,166571.01620200076,SAT,,5.308,
1019,219,48,5.36474299431,0,434.2509782764792,-1,5.36474299431,0.0,1,0.0,112,166576.38094499506,SAT,,5.389,
1020,219,30,49.7960178852,0,427.2768122967064,-1,49.7960178852,0.0,2,0.0,112,166626.17696288027,UNSAT,,49.813,
1021,219,31,6.01627206802,0,362.5419891331076,-1,6.01627206802,0.0,2,0.0,112,166632.1932349483,UNSAT,,6.062,
1022,219,150,387.714421988,0,1050.699968066412,-1,387.714421988,0.0,1,0.0,112,167019.9076569363,SAT,,387.76,
1023,219,143,88.6394338608,0,546.6712202768505,-1,88.6394338608,0.0,1,0.0,112,167108.5470907971,SAT,,88.673,
1024,219,90,4.42514014244,0,431.4399555217206,-1,4.42514014244,0.0,1,0.0,112,167112.97223093954,SAT,,4.447,
1025,219,60,5.09993600845,0,425.6872733946621,-1,5.09993600845,0.0,1,0.0,112,167118.072166948,SAT,,5.154,
1026,219,13,5.95241713524,0,419.0573573004186,-1,5.95241713524,0.0,2,0.0,112,167124.02458408324,UNSAT,,5.989,
1027,219,125,5.66917395592,0,411.3192140947759,-1,5.66917395592,0.0,1,0.0,112,167129.69375803915,SAT,,5.706,
1028,219,24,5.50588202477,0,403.94928817485567,-1,5.50588202477,0.0,2,0.0,112,167135.19964006392,UNSAT,,5.544,
1029,219,141,4.85150790215,0,396.79164131020303,-1,4.85150790215,0.0,1,0.0,112,167140.05114796606,SAT,,4.876,
1030,219,15,7.93685507774,0,2000.0,-1,7.93685507774,0.0,2,0.0,112,167147.9880030438,UNSAT,,7.969,
1031,219,152,255.643376112,0,2000.0,-1,255.643376112,0.0,1,0.0,112,167403.63137915582,SAT,,255.672,
1032,219,142,4.65957403183,0,2000.0,-1,4.65957403183,0.0,1,0.0,112,167408.29095318765,SAT,,4.698,
1033,219,12,6.0008661747,0,2000.0,-1,6.0008661747,0.0,2,0.0,112,167414.29181936235,UNSAT,,6.036,
1034,219,77,6.24095582962,0,2000.0,-1,6.24095582962,0.0,2,0.0,112,167420.53277519197,UNSAT,,6.26,
1035,219,71,5.99638390541,0,2000.0,-1,5.99638390541,0.0,2,0.0,112,167426.52915909738,UNSAT,,6.03,
1036,219,94,4.0212700367,0,2000.0,-1,4.0212700367,0.0,1,0.0,112,167430.55042913408,SAT,,4.053,
1037,219,79,4.98595499992,0,2000.0,-1,4.98595499992,0.0,2,0.0,112,167435.536384134,UNSAT,,5.031,
1038,219,139,4.61992001534,0,2000.0,-1,4.61992001534,0.0,1,0.0,112,167440.15630414934,SAT,,4.652,
1039,219,19,6.77880811691,0,2000.0,-1,6.77880811691,0.0,2,0.0,112,167446.93511226625,UNSAT,,6.816,
1040,219,127,4.78770709038,0,2000.0,-1,4.78770709038,0.0,1,0.0,112,167451.72281935663,SAT,,4.828,
1041,219,109,1801.39654112,0,2000.0,-1,1801.39654112,0.0,1,0.0,112,169253.11936047662,SAT,,1801.421,
1042,219,17,5.50058603287,0,436.5833019729435,-1,5.50058603287,0.0,2,0.0,112,169258.61994650948,UNSAT,,5.528,
1043,219,86,4.82640504837,0,429.43254046921726,-1,4.82640504837,0.0,1,0.0,112,169263.44635155785,SAT,,4.853,
1044,219,32,4.29876899719,0,423.158213857907,-1,4.29876899719,0.0,1,0.0,112,169267.74512055505,SAT,,4.328,
1045,219,67,82.26689291,0,417.56981423904296,-1,82.26689291,0.0,2,0.0,112,169350.01201346505,UNSAT,,82.295,
1046,219,96,4.72797107697,0,1668.8558142523946,-1,4.72797107697,0.0,1,0.0,112,169354.73998454202,SAT,,4.772,
1047,219,8,7.84292316437,0,1662.7094522010268,-1,7.84292316437,0.0,2,0.0,112,169362.58290770638,UNSAT,,7.87,
1048,219,9,1801.97274709,0,1652.5136516321184,-1,1801.97274709,0.0,2,0.0,112,171164.5556547964,UNSAT,,1802.018,
1049,220,104,2000.0,0,11.610770680356026,-1,117.04095,0.0,-1,1.0E9,112,171281.5966047964,CRASHED,Run Exceeded Captime -- Treating as CRASHED;Killed Manually,123.201,
1050,221,121,3.54716992378,0,6.201516360390187,-1,3.54716992378,0.0,1,0.0,113,171285.14377472017,SAT,,3.575,
1051,221,123,68.906111002,0,94.68207758699657,-1,68.906111002,0.0,1,0.0,113,171354.04988572217,SAT,,68.94,
1052,221,13,6.16796112061,0,5.104132451462745,-1,6.16796112061,0.0,2,0.0,113,171360.21784684277,UNSAT,,6.199,
1053,222,1,5.12749004364,0,7.193256531256438,-1,5.12749004364,0.0,2,0.0,113,171365.3453368864,UNSAT,,5.148,
1054,223,4,6.5721950531,0,19.6794850643456,-1,6.5721950531,0.0,2,0.0,114,171371.9175319395,UNSAT,,6.604,
1055,223,17,4.64172697067,0,23.697400082248453,-1,4.64172697067,0.0,2,0.0,114,171376.5592589102,UNSAT,,4.68,
1056,223,50,3.63434386253,0,17.66315548529029,-1,3.63434386253,0.0,1,0.0,114,171380.19360277272,SAT,,3.67,
1057,223,52,4.02823519707,0,36.28002608974576,-1,4.02823519707,0.0,1,0.0,114,171384.2218379698,SAT,,4.075,
1058,223,91,4.03085589409,0,31.043321069675688,-1,4.03085589409,0.0,1,0.0,114,171388.25269386388,SAT,,4.072,
1059,223,106,8.37850999832,0,25.803207874643807,-1,8.37850999832,0.0,1,0.0,114,171396.6312038622,SAT,,8.419,
1060,223,32,3.44492292404,0,14.911144402223826,-1,3.44492292404,0.0,1,0.0,114,171400.07612678624,SAT,,3.471,
1061,223,73,7.28419494629,0,104.94559732114078,-1,7.28419494629,0.0,2,0.0,114,171407.36032173253,UNSAT,,7.312,
1062,223,142,819.940962791,0,95.47614361007811,-1,819.940962791,0.0,1,0.0,114,172227.30128452354,SAT,,819.967,
1063,224,132,4.93190789223,0,7.570715237754584,-1,4.93190789223,0.0,1,0.0,114,172232.23319241576,SAT,,4.952,
1064,224,24,5.6171848774,0,13.812599413442612,-1,5.6171848774,0.0,2,0.0,114,172237.85037729316,UNSAT,,5.653,
1065,224,97,4.43997883797,0,6.510259479629994,-1,4.43997883797,0.0,1,0.0,114,172242.29035613113,SAT,,4.5,
1066,225,84,2000.0,0,106.34760427137019,-1,1064.17385,0.0,-1,1.0E9,115,173306.46420613112,CRASHED,Run Exceeded Captime -- Treating as CRASHED;Killed Manually,1120.183,
1067,226,95,5.59107303619,0,6.9174183424294,-1,5.59107303619,0.0,1,0.0,115,173312.0552791673,SAT,,5.634,
1068,227,108,5.32722806931,0,6.520684983927012,-1,5.32722806931,0.0,1,0.0,116,173317.38250723662,SAT,,5.387,
1069,228,134,9.18091702461,0,11.817331508147717,-1,9.18091702461,0.0,2,0.0,116,173326.56342426123,UNSAT,,9.202,
1070,227,88,4.83383798599,0,5.292936869311332,-1,4.83383798599,0.0,1,0.0,116,173331.39726224722,SAT,,4.856,
1071,229,120,1801.96261811,0,430.86057183181043,-1,1801.96261811,0.0,1,0.0,116,175133.35988035722,SAT,,1801.995,
1072,230,129,5.1198220253,0,6.671538193124533,-1,5.1198220253,0.0,1,0.0,117,175138.47970238252,SAT,,5.148,
1073,231,150,126.04096508,0,189.61933002655508,-1,126.04096508,0.0,1,0.0,117,175264.52066746252,SAT,,126.071,
1074,231,78,4.49039793015,0,42.16244769130945,-1,4.49039793015,0.0,2,0.0,117,175269.01106539267,UNSAT,,4.528,
1075,231,104,85.619603157,0,36.32493045960665,-1,85.619603157,0.0,1,0.0,117,175354.63066854968,SAT,,85.66,
1076,232,28,6.16889119148,0,9.020101268190146,-1,6.16889119148,0.0,2,0.0,118,175360.79955974116,UNSAT,,6.208,
1077,233,47,5.82598614693,0,23.217645276683573,-1,5.82598614693,0.0,1,0.0,118,175366.6255458881,SAT,,5.882,
1078,233,18,8.35911202431,0,241.41425479983093,-1,8.35911202431,0.0,2,0.0,118,175374.9846579124,UNSAT,,8.39,
1079,233,152,114.095927954,0,230.54740940068962,-1,114.095927954,0.0,1,0.0,118,175489.0805858664,SAT,,114.14,
1080,233,6,1734.028373,0,641.9719076607108,-1,1734.028373,0.0,2,0.0,118,177223.10895886642,UNSAT,,1734.075,
1081,234,138,5.02188801765,0,9.530513909059763,-1,5.02188801765,0.0,1,0.0,119,177228.13084688407,SAT,,5.052,
1082,234,109,926.928647995,0,2000.0,-1,926.928647995,0.0,1,0.0,119,178155.05949487907,SAT,,926.974,
1083,234,84,473.73312211,0,1245.8610220703958,-1,473.73312211,0.0,1,0.0,119,178628.79261698906,SAT,,473.764,
1084,234,145,540.450613022,0,1615.1054542403401,-1,540.450613022,0.0,1,0.0,119,179169.24323001105,SAT,,540.473,
1085,234,11,1803.00432706,0,912.51965732162,-1,1803.00432706,0.0,2,0.0,119,180972.24755707104,UNSAT,,1803.037,
1086,235,5,3.86779499054,0,10.135885689753295,-1,3.86779499054,0.0,2,0.0,119,180976.11535206158,UNSAT,,3.896,
1087,235,76,4.89251995087,0,127.80245187540652,-1,4.89251995087,0.0,2,0.0,119,180981.00787201244,UNSAT,,4.93,
1088,235,83,2000.0,0,121.44217629765274,-1,1258.5504999999998,0.0,-1,1.0E9,119,182239.55837201246,CRASHED,Run Exceeded Captime -- Treating as CRASHED;Killed Manually,1324.79,
1089,236,74,6.24088287354,0,11.176214449453354,-1,6.24088287354,0.0,2,0.0,120,182245.799254886,UNSAT,,6.281,
1090,236,5,6.50305509567,0,17.776179768490792,-1,6.50305509567,0.0,2,0.0,120,182252.30230998166,UNSAT,,6.519,
1091,236,62,4.08780384064,0,9.322208434689045,-1,4.08780384064,0.0,1,0.0,120,182256.3901138223,SAT,,4.12,
1092,236,130,21.5472080708,0,35.87552838807106,-1,21.5472080708,0.0,1,0.0,120,182277.9373218931,SAT,,21.576,
1093,236,23,6.29486989975,0,7.8641572858870035,-1,6.29486989975,0.0,2,0.0,120,182284.23219179286,UNSAT,,6.315,
1094,237,93,64.9450981617,0,12.180770084607602,-1,64.9450981617,0.0,1,0.0,120,182349.17728995456,SAT,,64.966,
1095,236,100,0.0,1,0.0,-1,0.0,0.0,0,0.0,121,182349.17728995456,TIMEOUT,Processed by ca.ubc.cs.beta.aeatk.targetalgorithmevaluator.decorators.helpers.CompleteZeroSecondCutoffRunsTargetAlgorithmEvaluatorDecorator,0.0,
1096,238,26,4.73675394058,0,7.828914456415177,-1,4.73675394058,0.0,2,0.0,121,182353.91404389514,UNSAT,,4.774,
1097,238,65,19.2209329605,0,32.03966560621858,-1,19.2209329605,0.0,2,0.0,121,182373.13497685565,UNSAT,,19.251,
1098,238,95,3.95986199379,0,7.052452292639018,-1,3.95986199379,0.0,1,0.0,121,182377.09483884944,SAT,,3.997,
1099,238,55,4.96166014671,0,30.948256597268585,-1,4.96166014671,0.0,1,0.0,121,182382.05649899616,SAT,,4.997,
1100,238,38,3.83226203918,0,24.49809842591286,-1,3.83226203918,0.0,1,0.0,121,182385.88876103534,SAT,,3.869,
1101,238,90,4.84353995323,0,19.516157813715935,-1,4.84353995323,0.0,1,0.0,121,182390.73230098857,SAT,,4.878,
1102,238,54,4.63221406937,0,13.219556387859583,-1,4.63221406937,0.0,1,0.0,121,182395.36451505794,SAT,,4.673,
1103,238,20,4.91618704796,0,802.5291038568795,-1,4.91618704796,0.0,2,0.0,121,182400.2807021059,UNSAT,,4.955,
1104,238,50,3.12516212463,0,796.1380602683604,-1,3.12516212463,0.0,1,0.0,121,182403.40586423053,SAT,,3.166,
1105,238,145,78.8736689091,0,792.0753498453379,-1,78.8736689091,0.0,1,0.0,121,182482.27953313963,SAT,,78.899,
1106,238,96,6.10539984703,0,689.5395791981101,-1,6.10539984703,0.0,1,0.0,121,182488.38493298666,SAT,,6.133,
1107,238,80,4.55769681931,0,681.6025596003711,-1,4.55769681931,0.0,2,0.0,121,182492.94262980597,UNSAT,,4.598,
1108,238,79,4.34421896935,0,675.6775545779348,-1,4.34421896935,0.0,2,0.0,121,182497.28684877531,UNSAT,,4.381,
1109,238,29,6.45830488205,0,670.0300694334984,-1,6.45830488205,0.0,2,0.0,121,182503.74515365736,UNSAT,,6.491,
1110,238,130,4.71304917336,0,661.63427316432,-1,4.71304917336,0.0,1,0.0,121,182508.45820283072,SAT,,4.757,
1111,238,63,3.67244696617,0,1017.255538691181,-1,3.67244696617,0.0,1,0.0,121,182512.1306497969,SAT,,3.696,
1112,238,98,3.47077679634,0,1012.4813575189293,-1,3.47077679634,0.0,1,0.0,121,182515.60142659323,SAT,,3.5,
1113,238,73,4.32826089859,0,1007.9693479355157,-1,4.32826089859,0.0,2,0.0,121,182519.92968749182,UNSAT,,4.35,
1114,238,155,68.649698019,0,1002.3426084670901,-1,68.649698019,0.0,2,0.0,121,182588.57938551082,UNSAT,,68.67,
1115,238,103,1803.22257781,0,913.0980022143304,-1,1803.22257781,0.0,1,0.0,121,184391.80196332082,SAT,,1803.265,
1116,239,1,4.86599421501,0,7.193256531256438,-1,4.86599421501,0.0,2,0.0,122,184396.66795753583,UNSAT,,4.902,
1117,240,57,3.3246409893,0,6.910011161464453,-1,3.3246409893,0.0,1,0.0,122,184399.99259852513,SAT,,3.366,
1118,240,87,5.33952307701,0,15.66119351272583,-1,5.33952307701,0.0,1,0.0,122,184405.33212160214,SAT,,5.38,
1119,240,78,3.66333794594,0,8.719813812869788,-1,3.66333794594,0.0,2,0.0,122,184408.99545954808,UNSAT,,3.701,
1120,240,75,3.95290803909,0,43.48897597600818,-1,3.95290803909,0.0,2,0.0,122,184412.94836758717,UNSAT,,3.993,
1121,240,79,3.60840702057,0,38.35019514744282,-1,3.60840702057,0.0,2,0.0,122,184416.55677460774,UNSAT,,3.652,
1122,240,17,4.29902005196,0,33.659266669648886,-1,4.29902005196,0.0,2,0.0,122,184420.8557946597,UNSAT,,4.32,
1123,240,10,4.88725113869,0,28.07054015656114,-1,4.88725113869,0.0,2,0.0,122,184425.7430457984,UNSAT,,4.924,
1124,240,127,5.79216003418,0,176.6465170200646,-1,5.79216003418,0.0,1,0.0,122,184431.53520583257,SAT,,5.814,
1125,240,18,4.95932197571,0,169.1167095567763,-1,4.95932197571,0.0,2,0.0,122,184436.49452780827,UNSAT,,4.983,
1126,240,49,12.9277999401,0,162.66959029098155,-1,12.9277999401,0.0,1,0.0,122,184449.42232774838,SAT,,12.971,
1127,240,116,33.0625741482,0,145.86345095967056,-1,33.0625741482,0.0,1,0.0,122,184482.4849018966,SAT,,33.1,
1128,240,84,41.8608701229,0,102.88210416992308,-1,41.8608701229,0.0,1,0.0,122,184524.3457720195,SAT,,41.89,
1129,240,102,4.69333100319,0,48.46297305856943,-1,4.69333100319,0.0,1,0.0,122,184529.0391030227,SAT,,4.724,
1130,240,64,4.40544605255,0,42.361642502593995,-1,4.40544605255,0.0,1,0.0,122,184533.44454907524,SAT,,4.449,
1131,240,101,5.32322001457,0,36.63456224684715,-1,5.32322001457,0.0,1,0.0,122,184538.7677690898,SAT,,5.351,
1132,240,82,338.230656862,0,763.3800784948945,-1,338.230656862,0.0,1,0.0,122,184876.9984259518,SAT,,338.271,
1133,240,13,4.95025610924,0,323.68022388626935,-1,4.95025610924,0.0,2,0.0,122,184881.94868206105,UNSAT,,4.979,
1134,240,26,4.44321584702,0,317.24489097331764,-1,4.44321584702,0.0,2,0.0,122,184886.39189790806,UNSAT,,4.47,
1135,240,138,4.32228589058,0,311.4687099944532,-1,4.32228589058,0.0,1,0.0,122,184890.71418379864,SAT,,4.373,
1136,240,73,5.57029891014,0,305.84973850135805,-1,5.57029891014,0.0,2,0.0,122,184896.28448270878,UNSAT,,5.604,
1137,240,48,4.31978487968,0,298.60834981163146,-1,4.31978487968,0.0,1,0.0,122,184900.60426758847,SAT,,4.35,
1138,240,52,3.19269704819,0,292.99263031070234,-1,3.19269704819,0.0,1,0.0,122,184903.79696463665,SAT,,3.216,
1139,240,46,8.60472512245,0,288.84212336351277,-1,8.60472512245,0.0,1,0.0,122,184912.4016897591,SAT,,8.642,
1140,240,129,4.10210490227,0,277.65598100458385,-1,4.10210490227,0.0,1,0.0,122,184916.50379466137,SAT,,4.148,
1141,240,27,4.09258985519,0,272.32324535806777,-1,4.09258985519,0.0,2,0.0,122,184920.59638451657,UNSAT,,4.122,
1142,240,147,3.74846601486,0,267.00287842040063,-1,3.74846601486,0.0,1,0.0,122,184924.34485053143,SAT,,3.769,
1143,240,43,5.19651699066,0,262.12987228145005,-1,5.19651699066,0.0,1,0.0,122,184929.5413675221,SAT,,5.226,
1144,240,71,4.36484289169,0,255.37439974804522,-1,4.36484289169,0.0,2,0.0,122,184933.90621041378,UNSAT,,4.4,
1145,240,81,29.2581310272,0,249.7001044343889,-1,29.2581310272,0.0,1,0.0,122,184963.16434144098,SAT,,29.28,
1146,240,150,14.4038500786,0,211.66453406994344,-1,14.4038500786,0.0,1,0.0,122,184977.5681915196,SAT,,14.426,
1147,240,90,3.59399008751,0,192.93952927773,-1,3.59399008751,0.0,1,0.0,122,184981.1621816071,SAT,,3.617,
1148,240,58,5.11043596268,0,2000.0,-1,5.11043596268,0.0,1,0.0,122,184986.27261756978,SAT,,5.148,
1149,240,136,4.41589188576,0,2000.0,-1,4.41589188576,0.0,1,0.0,122,184990.68850945553,SAT,,4.446,
1150,240,105,38.9939198494,0,2000.0,-1,38.9939198494,0.0,1,0.0,122,185029.68242930493,SAT,,39.027,
1151,240,117,11.5854201317,0,2000.0,-1,11.5854201317,0.0,1,0.0,122,185041.26784943664,SAT,,14.723,
1152,240,3,4.40887594223,0,2000.0,-1,4.40887594223,0.0,2,0.0,122,185045.67672537887,UNSAT,,4.448,
1153,240,65,15.8013598919,0,2000.0,-1,15.8013598919,0.0,2,0.0,122,185061.47808527076,UNSAT,,15.83,
1154,240,74,1801.49008799,0,2000.0,-1,1801.49008799,0.0,2,0.0,122,186862.96817326077,UNSAT,,1801.526,
1155,240,11,161.42683506,0,2000.0,-1,161.42683506,0.0,2,0.0,122,187024.39500832077,UNSAT,,161.453,
1156,240,96,6.33768606186,0,2000.0,-1,6.33768606186,0.0,1,0.0,122,187030.73269438263,SAT,,6.36,
1157,240,36,6.3059668541,0,2000.0,-1,6.3059668541,0.0,1,0.0,122,187037.03866123673,SAT,,6.336,
1158,240,23,5.15323185921,0,2000.0,-1,5.15323185921,0.0,2,0.0,122,187042.19189309594,UNSAT,,5.175,
1159,240,5,6.41084098816,0,2000.0,-1,6.41084098816,0.0,2,0.0,122,187048.6027340841,UNSAT,,6.443,
1160,240,154,891.130851984,0,2000.0,-1,891.130851984,0.0,1,0.0,122,187939.7335860681,SAT,,891.162,
1161,240,156,1928.52291608,0,2000.0,-1,1928.52291608,0.0,2,0.0,122,189868.25650214808,UNSAT,,1928.604,
1162,240,88,4.30547404289,0,193.271883845675,-1,4.30547404289,0.0,1,0.0,122,189872.56197619098,SAT,,4.346,
1163,240,93,34.5670650005,0,187.67476704751255,-1,34.5670650005,0.0,1,0.0,122,189907.12904119148,SAT,,34.606,
1164,240,132,4.92970895767,0,142.73758306016327,-1,4.92970895767,0.0,1,0.0,122,189912.05875014915,SAT,,4.949,
1165,240,146,61.1375710964,0,136.32896103744508,-1,61.1375710964,0.0,1,0.0,122,189973.19632124554,SAT,,61.163,
1166,240,118,8.64368486404,0,56.85011873801351,-1,8.64368486404,0.0,1,0.0,122,189981.8400061096,SAT,,8.674,
1167,240,41,166.287029028,0,45.61332835664153,-1,166.287029028,0.0,1,0.0,122,190148.1270351376,SAT,,166.313,
1168,241,46,8.88580083847,0,7.5667113888740545,-1,8.88580083847,0.0,1,0.0,123,190157.01283597606,SAT,,8.919,
1169,242,21,2000.0,0,11.29743045975566,-1,113.64564999999999,0.0,-1,1.0E9,123,190270.65848597605,CRASHED,Run Exceeded Captime -- Treating as CRASHED;Killed Manually,119.627,
1170,243,150,302.169780016,0,189.61933002655508,-1,302.169780016,0.0,1,0.0,124,190572.82826599205,SAT,,302.201,
1171,244,83,82.4873631001,0,116.37345858697893,-1,82.4873631001,0.0,1,0.0,124,190655.31562909216,SAT,,82.514,
1172,244,105,2000.0,0,47.925181210386754,-1,479.95424999999994,0.0,-1,1.0E9,124,191135.26987909217,CRASHED,Run Exceeded Captime -- Treating as CRASHED;Killed Manually,505.215,
1173,245,14,258.708338022,0,48.903429124850035,-1,258.708338022,0.0,2,0.0,125,191393.97821711417,UNSAT,,258.748,
1174,246,110,2000.0,0,18.52964189683199,-1,185.83614999999998,0.0,-1,1.0E9,125,191579.81436711416,CRASHED,Run Exceeded Captime -- Treating as CRASHED;Killed Manually,195.617,
1175,247,141,5.25533509254,0,7.920258388268948,-1,5.25533509254,0.0,1,0.0,126,191585.0697022067,SAT,,5.295,
1176,247,154,1924.11089897,0,2000.0,-1,1924.11089897,0.0,1,0.0,126,193509.1806011767,SAT,,1924.134,
1177,247,152,77.7073478699,0,203.67106831480862,-1,77.7073478699,0.0,1,0.0,126,193586.8879490466,SAT,,77.743,
1178,247,31,6.04461193085,0,2000.0,-1,6.04461193085,0.0,2,0.0,126,193592.93256097744,UNSAT,,6.107,
1179,247,36,8.16674613953,0,2000.0,-1,8.16674613953,0.0,1,0.0,126,193601.09930711697,SAT,,8.201,
1180,247,39,1801.58790302,0,2000.0,-1,1801.58790302,0.0,1,0.0,126,195402.68721013697,SAT,,1801.63,
1181,247,143,68.4262280464,0,567.8918324302614,-1,68.4262280464,0.0,1,0.0,126,195471.11343818335,SAT,,68.452,
1182,247,61,1802.161515,0,2000.0,-1,1802.161515,0.0,1,0.0,126,197273.27495318337,SAT,,1802.219,
1183,247,110,1802.17568803,0,752.5129994269192,-1,1802.17568803,0.0,1,0.0,126,199075.45064121336,SAT,,1802.215,
1184,248,58,4.59135985374,0,6.800517335879803,-1,4.59135985374,0.0,1,0.0,126,199080.0420010671,SAT,,4.621,
1185,249,21,14.0085849762,0,11.29743045975566,-1,14.0085849762,0.0,2,0.0,127,199094.0505860433,UNSAT,,14.036,
1186,250,6,13.836345911,0,11.023459200161696,-1,13.836345911,0.0,2,0.0,127,199107.8869319543,UNSAT,,13.873,
1187,249,154,1920.77568889,0,2000.0,-1,1920.77568889,0.0,1,0.0,127,201028.6626208443,SAT,,1920.799,
1188,251,156,1165.67391706,0,2000.0,-1,1165.67391706,0.0,2,0.0,128,202194.33653790428,UNSAT,,1165.712,
1189,251,8,513.202506065,0,1021.4285359609604,-1,513.202506065,0.0,2,0.0,128,202707.53904396927,UNSAT,,513.258,
1190,251,35,1802.43483901,0,354.2652780081808,-1,1802.43483901,0.0,1,0.0,128,204509.97388297928,SAT,,1802.467,
1191,252,40,29.3267469406,0,7.82888903130889,-1,29.3267469406,0.0,1,0.0,128,204539.3006299199,SAT,,29.355,
1192,253,112,9.21699905396,0,8.42236307297945,-1,9.21699905396,0.0,1,0.0,129,204548.51762897384,SAT,,9.328,
1193,254,64,6.1303589344,0,7.482045784938336,-1,6.1303589344,0.0,1,0.0,129,204554.64798790825,SAT,,6.162,
1194,255,81,13.8208129406,0,14.73227999021411,-1,13.8208129406,0.0,1,0.0,129,204568.46880084884,SAT,,13.842,
1195,256,83,1121.10001183,0,116.37345858697893,-1,1121.10001183,0.0,1,0.0,129,205689.56881267886,SAT,,1121.176,
1196,257,35,2000.0,0,47.66453633864522,-1,477.1774,0.0,-1,1.0E9,130,206166.74621267885,CRASHED,Run Exceeded Captime -- Treating as CRASHED;Killed Manually,502.292,
1197,258,95,2000.0,0,6.9174183424294,-1,131.73364999999998,0.0,-1,1.0E9,130,206298.47986267885,CRASHED,Run Exceeded Captime -- Treating as CRASHED;Killed Manually,138.667,
1198,259,20,4.50187921524,0,8.50602377985716,-1,4.50187921524,0.0,2,0.0,131,206302.9817418941,UNSAT,,4.544,
1199,259,35,2000.0,0,55.02561432157755,-1,550.8318499999999,0.0,-1,1.0E9,131,206853.81359189408,CRASHED,Run Exceeded Captime -- Treating as CRASHED;Killed Manually,579.823,
1200,260,149,19.7565500736,0,203.5249780755222,-1,19.7565500736,0.0,1,0.0,131,206873.57014196768,SAT,,22.533,
1201,260,28,7.58186912537,0,191.59231464226843,-1,7.58186912537,0.0,2,0.0,131,206881.15201109304,UNSAT,,7.629,
1202,260,94,245.148224115,0,181.73588475992085,-1,245.148224115,0.0,1,0.0,131,207126.30023520804,SAT,,245.188,
1203,261,79,6.81711912155,0,7.534923952418566,-1,6.81711912155,0.0,2,0.0,132,207133.1173543296,UNSAT,,6.868,
1204,262,61,2000.0,0,20.35750242729783,-1,204.47039999999998,0.0,-1,1.0E9,132,207337.58775432958,CRASHED,Run Exceeded Captime -- Treating as CRASHED;Killed Manually,215.232,
1205,263,4,9.43208122253,0,19.6794850643456,-1,9.43208122253,0.0,2,0.0,133,207347.0198355521,UNSAT,,9.453,
1206,263,89,6.4923620224,0,19.962543983358145,-1,6.4923620224,0.0,1,0.0,133,207353.5121975745,SAT,,6.561,
1207,263,56,2000.0,0,11.522472918379307,-1,115.97409999999999,0.0,-1,1.0E9,133,207469.4862975745,CRASHED,Run Exceeded Captime -- Treating as CRASHED;Killed Manually,122.078,
1208,264,92,11.9095709324,0,5.9192032444953915,-1,11.9095709324,0.0,1,0.0,133,207481.3958685069,SAT,,11.939,
1209,265,116,18.3354020119,0,9.692228481519223,-1,18.3354020119,0.0,1,0.0,134,207499.7312705188,SAT,,18.362,
1210,266,38,4.30703520775,0,6.834304880696536,-1,4.30703520775,0.0,1,0.0,134,207504.03830572654,SAT,,4.347,
1211,266,143,1801.94817495,0,473.2385130490839,-1,1801.94817495,0.0,1,0.0,134,209305.98648067654,SAT,,1801.989,
1212,267,47,5.35697507858,0,23.217645276683573,-1,5.35697507858,0.0,1,0.0,135,209311.34345575512,SAT,,5.399,
1213,267,85,6.97766518593,0,32.932918601083756,-1,6.97766518593,0.0,1,0.0,135,209318.32112094105,SAT,,7.017,
1214,267,18,5.89734005928,0,23.861953791576628,-1,5.89734005928,0.0,2,0.0,135,209324.21846100033,UNSAT,,5.928,
1215,267,59,8.65118694305,0,53.809593234556914,-1,8.65118694305,0.0,1,0.0,135,209332.8696479434,SAT,,8.706,
1216,267,127,5.95339798927,0,42.56305050884485,-1,5.95339798927,0.0,1,0.0,135,209338.82304593266,SAT,,5.979,
1217,267,124,5.96616816521,0,34.82363362644911,-1,5.96616816521,0.0,1,0.0,135,209344.78921409787,SAT,,6.019,
1218,267,24,6.39577817917,0,27.067614149647955,-1,6.39577817917,0.0,2,0.0,135,209351.18499227703,UNSAT,,6.467,
1219,267,23,8.08430218697,0,1061.1758249703526,-1,8.08430218697,0.0,2,0.0,135,209359.269294464,UNSAT,,8.114,
1220,267,126,5.08370685577,0,1050.666231371808,-1,5.08370685577,0.0,1,0.0,135,209364.35300131977,SAT,,5.139,
1221,267,106,6.37420201302,0,1044.0574132729053,-1,6.37420201302,0.0,1,0.0,135,209370.7272033328,SAT,,6.407,
1222,267,1,8.84632301331,0,1035.7709498036384,-1,8.84632301331,0.0,2,0.0,135,209379.5735263461,UNSAT,,8.878,
1223,267,38,5.00682687759,0,1024.2707298960268,-1,5.00682687759,0.0,1,0.0,135,209384.5803532237,SAT,,5.071,
1224,267,145,973.9944911,0,1017.7618554684997,-1,973.9944911,0.0,1,0.0,135,210358.57484432368,SAT,,974.019,
1225,268,144,316.97121191,0,526.4235095012665,-1,316.97121191,0.0,1,0.0,135,210675.54605623367,SAT,,317.006,
1226,268,54,6.20527505875,0,129.94055923854114,-1,6.20527505875,0.0,1,0.0,135,210681.7513312924,SAT,,6.225,
1227,268,88,4.29199504852,0,121.87370209802987,-1,4.29199504852,0.0,1,0.0,135,210686.04332634094,SAT,,4.32,
1228,268,35,1805.07736111,0,190.46311060746314,-1,1805.07736111,0.0,1,0.0,135,212491.12068745092,SAT,,1805.104,
1229,269,100,12.4414179325,0,11.319614470350743,-1,12.4414179325,0.0,2,0.0,136,212503.56210538343,UNSAT,,12.46,
1230,270,2,1802.35527611,0,225.3847628723562,-1,1802.35527611,0.0,2,0.0,136,214305.91738149343,UNSAT,,1802.377,
1231,271,24,5.05951619148,0,8.352262422788144,-1,5.05951619148,0.0,2,0.0,137,214310.97689768492,UNSAT,,5.077,
1232,271,126,4.86053085327,0,13.848443970429898,-1,4.86053085327,0.0,1,0.0,137,214315.8374285382,SAT,,4.885,
1233,271,119,6.07861709595,0,7.529754180806876,-1,6.07861709595,0.0,1,0.0,137,214321.91604563413,SAT,,6.12,
1234,272,78,5.3253800869,0,6.788203109401465,-1,5.3253800869,0.0,2,0.0,137,214327.24142572103,UNSAT,,5.375,
1235,271,27,6.01794600487,0,13.521243434745074,-1,6.01794600487,0.0,2,0.0,137,214333.2593717259,UNSAT,,6.047,
1236,271,38,4.51370811462,0,17.59403309633136,-1,4.51370811462,0.0,1,0.0,137,214337.77307984052,SAT,,4.553,
1237,271,90,4.92422699928,0,11.726212770092488,-1,4.92422699928,0.0,1,0.0,137,214342.6973068398,SAT,,4.965,
1238,271,72,4.48662900925,0,496.2240815985679,-1,4.48662900925,0.0,2,0.0,137,214347.18393584905,UNSAT,,4.514,
1239,271,115,95.5315580368,0,490.3914641480624,-1,95.5315580368,0.0,1,0.0,137,214442.71549388586,SAT,,95.556,
1240,271,11,1803.08471298,0,366.20043915544744,-1,1803.08471298,0.0,2,0.0,137,216245.80020686585,UNSAT,,1803.114,
1241,273,126,5.19815301895,0,7.178617723631859,-1,5.19815301895,0.0,1,0.0,138,216250.9983598848,SAT,,5.273,
1242,274,44,5.28298401833,0,8.167085320103169,-1,5.28298401833,0.0,1,0.0,138,216256.28134390313,SAT,,5.322,
1243,274,82,191.826196909,0,279.69032729824187,-1,191.826196909,0.0,1,0.0,138,216448.10754081214,SAT,,191.866,
1244,274,148,5.08719706535,0,30.316270783889298,-1,5.08719706535,0.0,1,0.0,138,216453.1947378775,SAT,,5.196,
1245,274,29,7.29957699776,0,53.005392279821635,-1,7.29957699776,0.0,2,0.0,138,216460.49431487525,UNSAT,,7.327,
1246,274,119,6.10524606705,0,43.51594232802391,-1,6.10524606705,0.0,1,0.0,138,216466.5995609423,SAT,,6.13,
1247,274,73,4.52243709564,0,35.579122498977185,-1,4.52243709564,0.0,2,0.0,138,216471.12199803794,UNSAT,,4.553,
1248,274,23,9.62734413147,0,29.699954100298886,-1,9.62734413147,0.0,2,0.0,138,216480.7493421694,UNSAT,,9.652,
1249,274,25,7.15190601349,0,262.0449306335032,-1,7.15190601349,0.0,2,0.0,138,216487.9012481829,UNSAT,,7.201,
1250,274,68,9.04752111435,0,252.74745234136583,-1,9.04752111435,0.0,2,0.0,138,216496.94876929725,UNSAT,,9.071,
1251,274,141,4.91024398804,0,240.98567467962505,-1,4.91024398804,0.0,1,0.0,138,216501.85901328528,SAT,,4.953,
1252,274,5,8.15233016014,0,234.6023579019785,-1,8.15233016014,0.0,2,0.0,138,216510.01134344543,UNSAT,,8.193,
1253,274,133,7.08923006058,0,224.00432851945163,-1,7.08923006058,0.0,1,0.0,138,216517.100573506,SAT,,7.122,
1254,274,150,157.241876125,0,214.78832921792866,-1,157.241876125,0.0,1,0.0,138,216674.342449631,SAT,,157.278,
1255,274,101,5.0732448101,0,10.373890109705926,-1,5.0732448101,0.0,1,0.0,138,216679.4156944411,SAT,,5.102,
1256,274,58,4.73974108696,0,3.778672021228075,-1,4.73974108696,0.0,1,0.0,138,216684.15543552805,SAT,,4.781,
1257,275,108,14.0470051765,0,6.520684983927012,-1,14.0470051765,0.0,1,0.0,139,216698.20244070454,SAT,,14.12,
1258,276,13,5.51017284393,0,8.97442567010522,-1,5.51017284393,0.0,2,0.0,139,216703.71261354847,UNSAT,,5.545,
1259,276,34,5.76014184952,0,29.219820339578394,-1,5.76014184952,0.0,1,0.0,139,216709.472755398,SAT,,5.821,
1260,276,32,4.80380797386,0,21.7316361967206,-1,4.80380797386,0.0,1,0.0,139,216714.27656337185,SAT,,4.847,
1261,276,38,4.83250188828,0,2000.0,-1,4.83250188828,0.0,1,0.0,139,216719.10906526013,SAT,,4.885,
1262,276,53,6.06970596313,0,2000.0,-1,6.06970596313,0.0,1,0.0,139,216725.17877122326,SAT,,6.142,
1263,276,3,5.85825395584,0,2000.0,-1,5.85825395584,0.0,2,0.0,139,216731.0370251791,UNSAT,,5.884,
1264,276,154,1165.7401309,0,2000.0,-1,1165.7401309,0.0,1,0.0,139,217896.7771560791,SAT,,1165.827,
1265,276,152,213.515592098,0,2000.0,-1,213.515592098,0.0,1,0.0,139,218110.2927481771,SAT,,213.609,
1266,276,36,7.53009605408,0,2000.0,-1,7.53009605408,0.0,1,0.0,139,218117.82284423118,SAT,,7.571,
1267,276,114,1207.67184401,0,2000.0,-1,1207.67184401,0.0,1,0.0,139,219325.4946882412,SAT,,1207.712,
1268,276,109,300.623279095,0,1755.3433534580947,-1,300.623279095,0.0,1,0.0,139,219626.11796733618,SAT,,300.647,
1269,276,105,30.8006460667,0,1364.5330906737329,-1,30.8006460667,0.0,1,0.0,139,219656.91861340287,SAT,,30.833,
1270,276,18,4.53492617607,0,1324.4922506514667,-1,4.53492617607,0.0,2,0.0,139,219661.45353957894,UNSAT,,4.554,
1271,276,124,8.55290603638,0,1318.5968465063452,-1,8.55290603638,0.0,1,0.0,139,219670.00644561532,SAT,,8.597,
1272,276,26,5.86785507202,0,1307.4780697826027,-1,5.86785507202,0.0,2,0.0,139,219675.87430068734,UNSAT,,5.987,
1273,276,92,8.92758798599,0,1692.4559960033478,-1,8.92758798599,0.0,1,0.0,139,219684.80188867333,SAT,,8.956,
1274,276,142,1574.72279882,0,1680.8501311469556,-1,1574.72279882,0.0,1,0.0,139,221259.52468749334,SAT,,1574.745,
1275,277,84,2000.0,0,106.34760427137019,-1,1064.3581499999998,0.0,-1,1.0E9,140,222323.88283749332,CRASHED,Run Exceeded Captime -- Treating as CRASHED;Killed Manually,1120.377,
1276,278,88,8.14009213448,0,6.698950089859963,-1,8.14009213448,0.0,1,0.0,140,222332.0229296278,SAT,,8.195,
1277,279,78,5.17868709564,0,6.788203109401465,-1,5.17868709564,0.0,2,0.0,141,222337.20161672344,UNSAT,,5.206,
1278,280,128,4.63411808014,0,8.10656267066598,-1,4.63411808014,0.0,1,0.0,141,222341.83573480358,SAT,,4.664,
1279,280,13,8.22576904297,0,15.255549259829522,-1,8.22576904297,0.0,2,0.0,141,222350.06150384655,UNSAT,,8.26,
1280,280,121,5.34322404861,0,4.5620498139142995,-1,5.34322404861,0.0,1,0.0,141,222355.40472789516,SAT,,5.405,
1281,281,88,7.38484692574,0,6.698950089859963,-1,7.38484692574,0.0,1,0.0,141,222362.7895748209,SAT,,7.41,
1282,282,107,2000.0,0,8.136300359266997,-1,82.3916,0.0,-1,1.0E9,141,222445.1811748209,CRASHED,Run Exceeded Captime -- Treating as CRASHED;Killed Manually,86.728,
1283,283,138,8.09560108185,0,9.530513909059763,-1,8.09560108185,0.0,1,0.0,141,222453.27677590275,SAT,,8.173,
1284,284,59,2000.0,0,18.978827249604464,-1,190.41515,0.0,-1,1.0E9,141,222643.69192590273,CRASHED,Run Exceeded Captime -- Treating as CRASHED;Killed Manually,200.437,
1285,285,56,2000.0,0,7.53509587456584,-1,76.16054999999999,0.0,-1,1.0E9,142,222719.85247590274,CRASHED,Run Exceeded Captime -- Treating as CRASHED;Killed Manually,80.169,
1286,286,8,2000.0,0,11.009330105382205,-1,110.8992,0.0,-1,1.0E9,142,222830.75167590275,CRASHED,Run Exceeded Captime -- Treating as CRASHED;Killed Manually,116.736,
1287,287,106,16.1198740005,0,7.508553274321557,-1,16.1198740005,0.0,1,0.0,143,222846.87154990324,SAT,,16.18,
1288,10,72,0.0,1,0.0,-1,0.0,0.0,0,0.0,143,222846.87154990324,TIMEOUT,Processed by ca.ubc.cs.beta.aeatk.targetalgorithmevaluator.decorators.helpers.CompleteZeroSecondCutoffRunsTargetAlgorithmEvaluatorDecorator,0.0,
1289,288,56,2000.0,0,7.53509587456584,-1,76.15769999999999,0.0,-1,1.0E9,143,222923.02924990325,CRASHED,Run Exceeded Captime -- Treating as CRASHED;Killed Manually,80.166,
1290,289,23,6.94325900078,0,9.186960187155009,-1,6.94325900078,0.0,2,0.0,143,222929.97250890403,UNSAT,,6.966,
1291,290,100,6.21123695374,0,11.319614470350743,-1,6.21123695374,0.0,2,0.0,143,222936.18374585776,UNSAT,,6.251,
1292,290,116,28.1914670467,0,18.416679360318184,-1,28.1914670467,0.0,1,0.0,143,222964.37521290447,SAT,,28.212,
1293,291,54,8.52763199806,0,10.883277271288634,-1,8.52763199806,0.0,1,0.0,144,222972.90284490254,SAT,,8.559,
1294,292,3,8.32773995399,0,9.807779535996914,-1,8.32773995399,0.0,2,0.0,144,222981.23058485653,UNSAT,,8.351,
1295,291,60,6.10411596298,0,6.583908748227358,-1,6.10411596298,0.0,1,0.0,144,222987.3347008195,SAT,,6.139,
1296,293,79,5.08708500862,0,7.534923952418566,-1,5.08708500862,0.0,2,0.0,144,222992.42178582813,UNSAT,,5.129,
1297,294,32,8.38513612747,0,5.831752986061573,-1,8.38513612747,0.0,1,0.0,144,223000.8069219556,SAT,,8.443,
1298,295,78,4.27968502045,0,6.788203109401465,-1,4.27968502045,0.0,2,0.0,144,223005.08660697605,UNSAT,,4.325,
1299,295,150,35.2257409096,0,195.7587594989419,-1,35.2257409096,0.0,1,0.0,144,223040.31234788566,SAT,,35.263,
1300,295,95,5.36673593521,0,149.9652966748655,-1,5.36673593521,0.0,1,0.0,144,223045.67908382087,SAT,,5.414,
1301,295,116,17.3271009922,0,210.05603530292512,-1,17.3271009922,0.0,1,0.0,144,223063.00618481307,SAT,,17.399,
1302,295,142,638.212922096,0,187.5308040421188,-1,638.212922096,0.0,1,0.0,144,223701.21910690906,SAT,,638.24,
1303,296,84,108.670545101,0,106.34760427137019,-1,108.670545101,0.0,1,0.0,145,223809.88965201005,SAT,,108.709,
1304,297,122,7.22573304176,0,6.606050383645297,-1,7.22573304176,0.0,1,0.0,145,223817.11538505182,SAT,,7.291,
1305,296,151,165.603144169,0,170.149919286716,-1,165.603144169,0.0,1,0.0,146,223982.71852922082,SAT,,165.632,
1306,298,49,20.8829600811,0,6.978231564509869,-1,20.8829600811,0.0,1,0.0,146,224003.60148930192,SAT,,20.96,
1307,299,2,174.889605999,0,225.3847628723562,-1,174.889605999,0.0,2,0.0,147,224178.4910953009,UNSAT,,174.921,
1308,300,27,12.5287950039,0,14.894992195415497,-1,12.5287950039,0.0,2,0.0,147,224191.0198903048,UNSAT,,12.582,
1309,301,14,2000.0,0,48.903429124850035,-1,489.77154999999993,0.0,-1,1.0E9,148,224680.7914403048,CRASHED,Run Exceeded Captime -- Treating as CRASHED;Killed Manually,515.549,
1310,302,21,5.81738495827,0,11.29743045975566,-1,5.81738495827,0.0,2,0.0,148,224686.60882526307,UNSAT,,5.856,
1311,302,40,7.64740014076,0,16.539348837333918,-1,7.64740014076,0.0,1,0.0,148,224694.25622540383,SAT,,7.669,
1312,302,49,14.2843921185,0,6.597729109573365,-1,14.2843921185,0.0,1,0.0,148,224708.54061752235,SAT,,14.315,
1313,303,35,2000.0,0,47.66453633864522,-1,511.917,0.0,-1,1.0E9,149,225220.45761752233,CRASHED,Run Exceeded Captime -- Treating as CRASHED;Killed Manually,538.86,
1314,304,16,12.4061341286,0,9.114450205463172,-1,12.4061341286,0.0,2,0.0,149,225232.86375165093,UNSAT,,12.442,
1315,305,136,7.55622386932,0,7.327313430953026,-1,7.55622386932,0.0,1,0.0,150,225240.41997552026,SAT,,7.615,
1316,306,104,2000.0,0,11.610770680356026,-1,117.04475,0.0,-1,1.0E9,150,225357.46472552026,CRASHED,Run Exceeded Captime -- Treating as CRASHED;Killed Manually,123.205,
1317,305,5,13.6719460487,0,6.638807606297732,-1,13.6719460487,0.0,2,0.0,151,225371.13667156897,UNSAT,,13.723,
1318,307,96,50.4699108601,0,6.152421690869331,-1,50.4699108601,0.0,1,0.0,151,225421.60658242906,SAT,,50.493,
1319,308,149,1806.65911984,0,203.5249780755222,-1,1806.65911984,0.0,1,0.0,151,227228.26570226907,SAT,,1806.747,
1320,309,49,27.9088048935,0,6.978231564509869,-1,27.9088048935,0.0,1,0.0,152,227256.17450716256,SAT,,27.955,
1321,310,77,11.6638460159,0,9.155664302754403,-1,11.6638460159,0.0,2,0.0,152,227267.83835317846,UNSAT,,11.699,
1322,311,78,10.6910829544,0,6.788203109401465,-1,10.6910829544,0.0,2,0.0,152,227278.52943613287,UNSAT,,10.743,
1323,312,6,2000.0,0,11.023459200161696,-1,110.91154999999999,0.0,-1,1.0E9,152,227389.44098613286,CRASHED,Run Exceeded Captime -- Treating as CRASHED;Killed Manually,116.749,
1324,313,132,24.9841418266,0,7.570715237754584,-1,24.9841418266,0.0,1,0.0,152,227414.42512795946,SAT,,25.023,
1325,314,34,4.87868905067,0,23.579467542815213,-1,4.87868905067,0.0,1,0.0,152,227419.30381701014,SAT,,4.901,
1326,314,26,7.63595294952,0,453.92405743559,-1,7.63595294952,0.0,2,0.0,152,227426.93976995966,UNSAT,,7.663,
1327,314,120,227.790894032,0,443.9973186593234,-1,227.790894032,0.0,1,0.0,152,227654.73066399165,SAT,,227.83,
1328,314,149,185.819983959,0,480.45790417899485,-1,185.819983959,0.0,1,0.0,152,227840.55064795064,SAT,,185.854,
1329,314,106,13.2149019241,0,238.89192444120647,-1,13.2149019241,0.0,1,0.0,152,227853.76554987475,SAT,,13.272,
1330,314,23,12.7327818871,0,221.71255181391837,-1,12.7327818871,0.0,2,0.0,152,227866.49833176186,UNSAT,,12.792,
1331,314,83,153.808197021,0,205.15993590314986,-1,153.808197021,0.0,1,0.0,152,228020.30652878285,SAT,,153.88,
1332,314,99,4.33639788628,0,515.2651713121414,-1,4.33639788628,0.0,1,0.0,152,228024.64292666913,SAT,,4.372,
1333,314,143,24.3769681454,0,509.6278537887812,-1,24.3769681454,0.0,1,0.0,152,228049.01989481453,SAT,,24.441,
1334,314,43,6.47315096855,0,477.93779549037214,-1,6.47315096855,0.0,1,0.0,152,228055.49304578308,SAT,,6.488,
1335,314,85,7.04584383965,0,469.5226991440832,-1,7.04584383965,0.0,1,0.0,152,228062.53888962272,SAT,,7.085,
1336,314,118,6.72815394402,0,460.36310120334025,-1,6.72815394402,0.0,1,0.0,152,228069.26704356674,SAT,,6.76,
1337,314,121,5.32590389252,0,451.61650142480727,-1,5.32590389252,0.0,1,0.0,152,228074.59294745926,SAT,,5.353,
1338,314,22,6.67596197128,0,444.6928260739624,-1,6.67596197128,0.0,2,0.0,152,228081.26890943054,UNSAT,,6.725,
1339,314,141,6.61740493774,0,436.01407621835466,-1,6.61740493774,0.0,1,0.0,152,228087.88631436828,SAT,,6.646,
1340,314,71,10.2790970802,0,2000.0,-1,10.2790970802,0.0,2,0.0,152,228098.16541144848,UNSAT,,10.334,
1341,314,8,44.0994811058,0,2000.0,-1,44.0994811058,0.0,2,0.0,152,228142.2648925543,UNSAT,,44.121,
1342,314,11,1804.70258999,0,2000.0,-1,1804.70258999,0.0,2,0.0,152,229946.96748254428,UNSAT,,1804.761,
1343,314,156,1852.53044701,0,2000.0,-1,1852.53044701,0.0,2,0.0,152,231799.4979295543,UNSAT,,1857.698,
1344,315,115,10.009706974,0,254.90158962865473,-1,10.009706974,0.0,1,0.0,153,231809.5076365283,SAT,,10.096,
1345,315,110,13.6330730915,0,278.77351370488407,-1,13.6330730915,0.0,1,0.0,153,231823.1407096198,SAT,,13.728,
1346,315,61,38.1549220085,0,261.05051840503813,-1,38.1549220085,0.0,1,0.0,153,231861.2956316283,SAT,,38.203,
1347,315,36,12.6669371128,0,242.15802633051874,-1,12.6669371128,0.0,1,0.0,153,231873.96256874112,SAT,,12.74,
1348,315,128,4.87100696564,0,225.6910070668638,-1,4.87100696564,0.0,1,0.0,153,231878.83357570675,SAT,,4.922,
1349,315,100,8.7467250824,0,219.3586991060257,-1,8.7467250824,0.0,2,0.0,153,231887.58030078915,UNSAT,,8.775,
1350,315,43,6.12351489067,0,207.987955946821,-1,6.12351489067,0.0,1,0.0,153,231893.70381567982,SAT,,6.157,
1351,315,71,7.71766519547,0,254.75970179622175,-1,7.71766519547,0.0,2,0.0,153,231901.4214808753,UNSAT,,7.758,
1352,315,46,26.5715000629,0,244.72673692588808,-1,26.5715000629,0.0,1,0.0,153,231927.9929809382,SAT,,26.631,
1353,315,121,5.93744897842,0,210.18378677626254,-1,5.93744897842,0.0,1,0.0,153,231933.93042991663,SAT,,5.978,
1354,315,40,10.4699690342,0,202.46510346268417,-1,10.4699690342,0.0,1,0.0,153,231944.40039895082,SAT,,10.512,
1355,315,114,8.15047001839,0,188.85414329205753,-1,8.15047001839,0.0,1,0.0,153,231952.5508689692,SAT,,8.193,
1356,315,22,10.0666949749,0,178.2585317160666,-1,10.0666949749,0.0,2,0.0,153,231962.6175639441,UNSAT,,10.15,
1357,315,32,12.6106529236,0,165.17182876204254,-1,12.6106529236,0.0,1,0.0,153,231975.22821686772,SAT,,12.662,
1358,315,116,10.2193629742,0,148.7779805328429,-1,10.2193629742,0.0,1,0.0,153,231985.44757984192,SAT,,10.293,
1359,315,137,6.02614593506,0,601.8558395918191,-1,6.02614593506,0.0,1,0.0,153,231991.47372577697,SAT,,6.08,
1360,315,65,37.6162548065,0,594.0218497890711,-1,37.6162548065,0.0,2,0.0,153,232029.08998058346,UNSAT,,37.65,
1361,315,12,8.84024596214,0,545.1207185987115,-1,8.84024596214,0.0,2,0.0,153,232037.9302265456,UNSAT,,8.869,
1362,315,5,11.5955851078,0,533.6283986348391,-1,11.5955851078,0.0,2,0.0,153,232049.5258116534,UNSAT,,11.623,
1363,315,18,8.52480983734,0,518.5541376363218,-1,8.52480983734,0.0,2,0.0,153,232058.05062149075,UNSAT,,8.579,
1364,315,17,8.86404204369,0,507.4718858938396,-1,8.86404204369,0.0,2,0.0,153,232066.91466353444,UNSAT,,8.94,
1365,315,136,6.46461081505,0,495.9486308399319,-1,6.46461081505,0.0,1,0.0,153,232073.37927434949,SAT,,6.523,
1366,315,90,4.89396119118,0,487.544636790055,-1,4.89396119118,0.0,1,0.0,153,232078.27323554066,SAT,,4.95,
1367,315,84,314.349180937,0,481.18248701875206,-1,314.349180937,0.0,1,0.0,153,232392.62241647765,SAT,,314.411,
1368,315,125,5.93622994423,0,72.52855169435144,-1,5.93622994423,0.0,1,0.0,153,232398.55864642188,SAT,,5.994,
1369,315,66,258.609775066,0,64.81145321239829,-1,258.609775066,0.0,2,0.0,153,232657.16842148788,UNSAT,,258.68,
1370,316,105,2000.0,0,33.27934293856025,-1,333.6438,0.0,-1,1.0E9,153,232990.81222148787,CRASHED,Run Exceeded Captime -- Treating as CRASHED;Killed Manually,351.204,
1371,317,36,5.60197091103,0,8.84440894086957,-1,5.60197091103,0.0,1,0.0,154,232996.4141923989,SAT,,5.647,
1372,317,32,3.8603181839,0,10.780856468129159,-1,3.8603181839,0.0,1,0.0,154,233000.2745105828,SAT,,3.903,
1373,317,98,3.72079396248,0,5.762442935603857,-1,3.72079396248,0.0,1,0.0,154,233003.99530454527,SAT,,3.75,
1374,318,89,4.85862088203,0,7.012270938950778,-1,4.85862088203,0.0,1,0.0,154,233008.8539254273,SAT,,4.902,
1375,317,8,7.15134096146,0,10.933439795273543,-1,7.15134096146,0.0,2,0.0,154,233016.00526638876,UNSAT,,7.186,
1376,317,143,74.6932990551,0,472.1525365378439,-1,74.6932990551,0.0,1,0.0,154,233090.69856544386,SAT,,74.737,
1377,317,80,5.05810403824,0,375.0512479696154,-1,5.05810403824,0.0,2,0.0,154,233095.7566694821,UNSAT,,5.084,
1378,317,99,3.44501805305,0,413.25194713507886,-1,3.44501805305,0.0,1,0.0,154,233099.20168753515,SAT,,3.467,
1379,317,6,7.21625900269,0,408.77342483808394,-1,7.21625900269,0.0,2,0.0,154,233106.41794653784,UNSAT,,7.259,
1380,317,76,5.78189206123,0,399.3922870497882,-1,5.78189206123,0.0,2,0.0,154,233112.19983859907,UNSAT,,5.824,
1381,317,47,19.0298800468,0,391.87582776730056,-1,19.0298800468,0.0,1,0.0,154,233131.22971864586,SAT,,19.064,
1382,317,136,4.39203214645,0,746.7961461174965,-1,4.39203214645,0.0,1,0.0,154,233135.6217507923,SAT,,4.427,
1383,317,67,100.572501898,0,741.0865050632239,-1,100.572501898,0.0,2,0.0,154,233236.1942526903,UNSAT,,100.609,
1384,317,30,55.1814069748,0,610.3422521505237,-1,55.1814069748,0.0,2,0.0,154,233291.3756596651,UNSAT,,55.219,
1385,317,14,326.459026098,0,538.6064225699484,-1,326.459026098,0.0,2,0.0,154,233617.83468576308,UNSAT,,326.491,
1386,317,51,18.1765868664,0,114.20968881656529,-1,18.1765868664,0.0,1,0.0,154,233636.0112726295,SAT,,18.234,
1387,317,122,6.16269493103,0,90.58012653921844,-1,6.16269493103,0.0,1,0.0,154,233642.17396756052,SAT,,6.204,
1388,317,94,5.86179995537,0,82.56862227653265,-1,5.86179995537,0.0,1,0.0,154,233648.0357675159,SAT,,5.949,
1389,317,69,6.45959997177,0,74.94828327407241,-1,6.45959997177,0.0,2,0.0,154,233654.49536748766,UNSAT,,6.524,
1390,317,18,9.69935107231,0,817.076849647212,-1,9.69935107231,0.0,2,0.0,154,233664.19471855997,UNSAT,,9.743,
1391,317,37,6.95396089554,0,804.4676931466639,-1,6.95396089554,0.0,1,0.0,154,233671.1486794555,SAT,,6.977,
1392,317,146,21.7653729916,0,795.427544776696,-1,21.7653729916,0.0,1,0.0,154,233692.9140524471,SAT,,21.81,
1393,317,120,452.673986912,0,767.1325590353191,-1,452.673986912,0.0,1,0.0,154,234145.5880393591,SAT,,452.746,
1394,317,77,7.49729609489,0,178.65637651492955,-1,7.49729609489,0.0,2,0.0,154,234153.085335454,UNSAT,,7.577,
1395,317,93,11.8940649033,0,168.90989205648305,-1,11.8940649033,0.0,1,0.0,154,234164.9794003573,SAT,,11.943,
1396,317,147,145.591414928,0,153.4476076144457,-1,145.591414928,0.0,1,0.0,154,234310.5708152853,SAT,,145.614,
1397,319,150,345.23536706,0,189.61933002655508,-1,345.23536706,0.0,1,0.0,155,234655.8061823453,SAT,,345.333,
1398,320,146,2000.0,0,29.308270652192835,-1,293.67825,0.0,-1,1.0E9,155,234949.48443234529,CRASHED,Run Exceeded Captime -- Treating as CRASHED;Killed Manually,309.135,
1399,321,114,3.64326095581,0,7.929238293665648,-1,3.64326095581,0.0,1,0.0,156,234953.1276933011,SAT,,3.668,
1400,321,121,3.46324205399,0,14.460584882992507,-1,3.46324205399,0.0,1,0.0,156,234956.59093535508,SAT,,3.493,
1401,321,48,3.65228796005,0,9.958370019096137,-1,3.65228796005,0.0,1,0.0,156,234960.24322331513,SAT,,3.697,
1402,321,40,4.62176299095,0,167.46968933229448,-1,4.62176299095,0.0,1,0.0,156,234964.8649863061,SAT,,4.648,
1403,321,87,4.75853204727,0,161.4613977152586,-1,4.75853204727,0.0,1,0.0,156,234969.62351835336,SAT,,4.779,
1404,321,94,3.66570591927,0,155.27530590851904,-1,3.66570591927,0.0,1,0.0,156,234973.28922427262,SAT,,3.706,
1405,321,67,152.521939993,0,150.50988792290093,-1,152.521939993,0.0,2,0.0,156,235125.81116426561,UNSAT,,152.56,
1406,322,146,2000.0,0,29.308270652192835,-1,293.79224999999997,0.0,-1,1.0E9,156,235419.6034142656,CRASHED,Run Exceeded Captime -- Treating as CRASHED;Killed Manually,309.255,
1407,323,121,6.88250613213,0,6.201516360390187,-1,6.88250613213,0.0,1,0.0,157,235426.48592039774,SAT,,6.926,
1408,324,88,12.8726768494,0,6.698950089859963,-1,12.8726768494,0.0,1,0.0,157,235439.35859724713,SAT,,12.919,
1409,323,26,19.6111440659,0,4.081872467297316,-1,19.6111440659,0.0,2,0.0,157,235458.96974131302,UNSAT,,19.668,
1410,325,21,2000.0,0,11.29743045975566,-1,113.18299999999999,0.0,-1,1.0E9,157,235572.152741313,CRASHED,Run Exceeded Captime -- Treating as CRASHED;Killed Manually,119.14,
1411,323,24,0.0,1,0.0,-1,0.0,0.0,0,0.0,157,235572.152741313,TIMEOUT,Processed by ca.ubc.cs.beta.aeatk.targetalgorithmevaluator.decorators.helpers.CompleteZeroSecondCutoffRunsTargetAlgorithmEvaluatorDecorator,0.0,
1412,326,98,4.70972323418,0,5.389858585196733,-1,4.70972323418,0.0,1,0.0,157,235576.8624645472,SAT,,4.757,
1413,327,135,4.92541193962,0,6.392471015799046,-1,4.92541193962,0.0,1,0.0,157,235581.7878764868,SAT,,4.978,
1414,328,104,88.6880989075,0,11.610770680356026,-1,88.6880989075,0.0,1,0.0,157,235670.4759753943,SAT,,88.752,
1415,329,110,2000.0,0,18.52964189683199,-1,185.95014999999998,0.0,-1,1.0E9,158,235856.4261253943,CRASHED,Run Exceeded Captime -- Treating as CRASHED;Killed Manually,195.737,
1416,330,36,2000.0,0,8.84440894086957,-1,203.015,0.0,-1,1.0E9,158,236059.4411253943,CRASHED,Run Exceeded Captime -- Treating as CRASHED;Killed Manually,213.7,
1417,331,88,14.9659938812,0,6.698950089859963,-1,14.9659938812,0.0,1,0.0,159,236074.4071192755,SAT,,15.038,
1418,332,96,7.85249996185,0,6.152421690869331,-1,7.85249996185,0.0,1,0.0,159,236082.25961923736,SAT,,7.95,
1419,333,109,1803.31068897,0,2000.0,-1,1803.31068897,0.0,1,0.0,159,237885.57030820736,SAT,,1803.366,
1420,334,111,7.55072784424,0,8.457230579453707,-1,7.55072784424,0.0,1,0.0,160,237893.1210360516,SAT,,7.619,
1421,335,94,5.55271220207,0,6.7333514693856245,-1,5.55271220207,0.0,1,0.0,160,237898.67374825367,SAT,,5.609,
1422,334,115,167.050386906,0,252.54157435928585,-1,167.050386906,0.0,1,0.0,160,238065.72413515966,SAT,,167.111,
1423,334,69,3.64492082596,0,49.66493890469074,-1,3.64492082596,0.0,2,0.0,160,238069.36905598562,UNSAT,,3.666,
1424,334,22,4.48737192154,0,44.92654175345898,-1,4.48737192154,0.0,2,0.0,160,238073.85642790716,UNSAT,,4.525,
1425,334,143,88.9893939495,0,628.8462619188905,-1,88.9893939495,0.0,1,0.0,160,238162.84582185667,SAT,,89.03,
1426,334,105,1802.34656382,0,513.1600499976158,-1,1802.34656382,0.0,1,0.0,160,239965.19238567667,SAT,,1802.413,
1427,336,12,5.26603293419,0,8.927977633076907,-1,5.26603293419,0.0,2,0.0,161,239970.45841861086,UNSAT,,5.283,
1428,336,64,4.81028580666,0,13.865282655107976,-1,4.81028580666,0.0,1,0.0,161,239975.2687044175,SAT,,4.85,
1429,336,97,4.744535923,0,7.61191117425561,-1,4.744535923,0.0,1,0.0,161,239980.01324034052,SAT,,4.775,
1430,336,143,67.7289521694,0,495.2072577442705,-1,67.7289521694,0.0,1,0.0,161,240047.7421925099,SAT,,67.765,
1431,336,32,3.50396895409,0,407.15962069888707,-1,3.50396895409,0.0,1,0.0,161,240051.246161464,SAT,,3.556,
1432,336,100,6.51145195961,0,402.60445986722704,-1,6.51145195961,0.0,2,0.0,161,240057.7576134236,UNSAT,,6.551,
1433,336,81,9.13714408875,0,394.13957268779274,-1,9.13714408875,0.0,1,0.0,161,240066.89475751235,SAT,,9.176,
1434,336,53,4.54272508621,0,461.18733108823295,-1,4.54272508621,0.0,1,0.0,161,240071.43748259856,SAT,,4.573,
1435,336,59,465.623834848,0,455.2817883792996,-1,465.623834848,0.0,1,0.0,161,240537.06131744655,SAT,,465.66,
1436,337,70,4.35738611221,0,13.697037462490798,-1,4.35738611221,0.0,2,0.0,161,240541.41870355877,UNSAT,,4.376,
1437,337,91,3.95827817917,0,21.12157408927679,-1,3.95827817917,0.0,1,0.0,161,240545.37698173794,SAT,,4.0,
1438,337,87,6.69142794609,0,15.97581225295663,-1,6.69142794609,0.0,1,0.0,161,240552.06840968403,SAT,,6.738,
1439,337,61,18.5800600052,0,53.763543524193764,-1,18.5800600052,0.0,1,0.0,161,240570.64846968921,SAT,,18.605,
1440,337,106,10.1976830959,0,29.609464936304096,-1,10.1976830959,0.0,1,0.0,161,240580.84615278512,SAT,,10.237,
1441,337,54,3.72501802444,0,16.35247793828249,-1,3.72501802444,0.0,1,0.0,161,240584.57117080956,SAT,,3.749,
1442,337,25,4.8864569664,0,11.509954080331326,-1,4.8864569664,0.0,2,0.0,161,240589.45762777596,UNSAT,,4.929,
1443,337,149,12.5696599483,0,484.9516028430044,-1,12.5696599483,0.0,1,0.0,161,240602.02728772425,SAT,,12.6,
1444,337,64,4.5126979351,0,468.61104563658233,-1,4.5126979351,0.0,1,0.0,161,240606.53998565936,SAT,,4.553,
1445,337,15,4.97829890251,0,462.7445377301156,-1,4.97829890251,0.0,2,0.0,161,240611.51828456187,UNSAT,,5.029,
1446,337,103,1801.46434617,0,456.27275005762573,-1,1801.46434617,0.0,1,0.0,161,242412.98263073186,SAT,,1801.51,
1447,338,54,4.13608908653,0,10.883277271288634,-1,4.13608908653,0.0,1,0.0,162,242417.1187198184,SAT,,4.168,
1448,338,18,3.86791706085,0,135.4693938869715,-1,3.86791706085,0.0,2,0.0,162,242420.98663687924,UNSAT,,3.897,
1449,338,153,7.61431288719,0,130.441102095294,-1,7.61431288719,0.0,1,0.0,162,242428.60094976643,SAT,,7.655,
1450,338,126,3.75823521614,0,149.40511983667614,-1,3.75823521614,0.0,1,0.0,162,242432.35918498258,SAT,,3.799,
1451,338,29,4.95446205139,0,144.51941446249486,-1,4.95446205139,0.0,2,0.0,162,242437.31364703397,UNSAT,,4.977,
1452,338,117,4.18750810623,0,138.0786139409721,-1,4.18750810623,0.0,1,0.0,162,242441.5011551402,SAT,,4.224,
1453,338,131,4.1810939312,0,132.63485290889741,-1,4.1810939312,0.0,1,0.0,162,242445.6822490714,SAT,,4.224,
1454,338,24,4.27946710587,0,180.65929858793618,-1,4.27946710587,0.0,2,0.0,162,242449.96171617726,UNSAT,,4.302,
1455,338,49,9.53394603729,0,175.0959911275387,-1,9.53394603729,0.0,1,0.0,162,242459.49566221455,SAT,,9.562,
1456,338,108,6.47800588608,0,162.70186201517583,-1,6.47800588608,0.0,1,0.0,162,242465.97366810063,SAT,,6.515,
1457,338,20,3.4964530468,0,154.280454188931,-1,3.4964530468,0.0,2,0.0,162,242469.47012114743,UNSAT,,3.533,
1458,338,129,3.75519990921,0,149.7350650731206,-1,3.75519990921,0.0,1,0.0,162,242473.22532105664,SAT,,3.798,
1459,338,136,4.07330703735,0,144.8533054332912,-1,4.07330703735,0.0,1,0.0,162,242477.298628094,SAT,,4.099,
1460,338,140,6.53682589531,0,139.55800643970372,-1,6.53682589531,0.0,1,0.0,162,242483.8354539893,SAT,,6.568,
1461,338,6,6.65971279144,0,131.06013200094105,-1,6.65971279144,0.0,2,0.0,162,242490.49516678075,UNSAT,,6.689,
1462,338,113,1801.49598098,0,725.2824527103186,-1,1801.49598098,0.0,1,0.0,162,244291.99114776074,SAT,,1801.521,
1463,339,127,7.33395910263,0,7.683316979902983,-1,7.33395910263,0.0,1,0.0,162,244299.32510686337,SAT,,7.371,
1464,340,80,4.32633709908,0,6.633641466844082,-1,4.32633709908,0.0,2,0.0,163,244303.65144396244,UNSAT,,4.368,
1465,340,10,9.45340800285,0,43.158828549432755,-1,9.45340800285,0.0,2,0.0,163,244313.1048519653,UNSAT,,9.474,
1466,340,47,5.07005214691,0,30.869398814040427,-1,5.07005214691,0.0,1,0.0,163,244318.1749041122,SAT,,5.106,
1467,340,20,5.27600216866,0,214.67261471633913,-1,5.27600216866,0.0,2,0.0,163,244323.45090628086,UNSAT,,5.309,
1468,340,73,4.59971404076,0,207.81381212954523,-1,4.59971404076,0.0,2,0.0,163,244328.05062032162,UNSAT,,4.622,
1469,340,121,4.03303313255,0,201.8341842930496,-1,4.03303313255,0.0,1,0.0,163,244332.08365345417,SAT,,4.058,
1470,340,147,167.242078066,0,196.59124043618442,-1,167.242078066,0.0,1,0.0,163,244499.32573152016,SAT,,167.268,
1471,341,5,7.0571770668,0,10.135885689753295,-1,7.0571770668,0.0,2,0.0,163,244506.38290858697,UNSAT,,7.089,
1472,340,148,0.0,1,0.0,-1,0.0,0.0,0,0.0,163,244506.38290858697,TIMEOUT,Processed by ca.ubc.cs.beta.aeatk.targetalgorithmevaluator.decorators.helpers.CompleteZeroSecondCutoffRunsTargetAlgorithmEvaluatorDecorator,0.0,
1473,342,9,2000.0,0,26.056872949349884,-1,261.23004999999995,0.0,-1,1.0E9,163,244767.61295858698,CRASHED,Run Exceeded Captime -- Treating as CRASHED;Killed Manually,274.979,
1474,343,139,4.95943284035,0,6.457353465604783,-1,4.95943284035,0.0,1,0.0,164,244772.57239142733,SAT,,4.999,
1475,344,10,5.54131197929,0,20.93438113887906,-1,5.54131197929,0.0,2,0.0,164,244778.11370340662,UNSAT,,5.558,
1476,344,86,15.3710019588,0,222.46503447030784,-1,15.3710019588,0.0,1,0.0,164,244793.4847053654,SAT,,15.397,
1477,344,149,1802.60459995,0,202.4827315363765,-1,1802.60459995,0.0,1,0.0,164,246596.0893053154,SAT,,1802.631,
1478,345,90,3.4953019619,0,7.064416621226073,-1,3.4953019619,0.0,1,0.0,165,246599.5846072773,SAT,,3.518,
1479,345,134,6.91602706909,0,22.027482733476166,-1,6.91602706909,0.0,2,0.0,165,246606.5006343464,UNSAT,,6.959,
1480,345,116,5.10760712624,0,13.03664696251154,-1,5.10760712624,0.0,1,0.0,165,246611.60824147263,SAT,,5.178,
1481,345,118,3.89378190041,0,392.49291931127306,-1,3.89378190041,0.0,1,0.0,165,246615.50202337303,SAT,,3.921,
1482,345,149,95.2164800167,0,387.43100221117135,-1,95.2164800167,0.0,1,0.0,165,246710.71850338974,SAT,,95.255,
1483,345,97,3.68113589287,0,263.64957931299807,-1,3.68113589287,0.0,1,0.0,165,246714.3996392826,SAT,,3.721,
1484,345,147,167.397696018,0,258.86410212923886,-1,167.397696018,0.0,1,0.0,165,246881.7973353006,SAT,,167.438,
1485,345,104,7.23435902596,0,209.40574946661593,-1,7.23435902596,0.0,1,0.0,165,246889.03169432655,SAT,,7.263,
1486,345,63,2.96734499931,0,200.00108255853058,-1,2.96734499931,0.0,1,0.0,165,246891.99903932586,SAT,,2.994,
1487,345,153,343.875077009,0,196.14353458245398,-1,343.875077009,0.0,1,0.0,165,247235.87411633486,SAT,,343.915,
1488,346,15,2000.0,0,10.747433349835873,-1,107.84305,0.0,-1,1.0E9,165,247343.71716633486,CRASHED,Run Exceeded Captime -- Treating as CRASHED;Killed Manually,113.519,
